# BEGIN PLOT
DrawOnly=/REF/ATLAS_2014_I1325553/d01-x01-y02 /ctest/mY_2100_mX_1600/mY_2100_mX_1600.yoda/ATLAS_2014_I1325553/d01-x01-y02 /THY/ATLAS_2014_I1325553/d01-x01-y02
Title=$0.5 < |y| < 1.0$, $R = 0.4$
RatioPlotReference=/REF/ATLAS_2014_I1325553/d01-x01-y02
RatioPlot=1
LogX=1
LogY=1
XLabel=$p_\text{T}$ [GeV]
MainPlot=1
YLabel=$\text{d}^2\sigma / \text{d}p_\text{T}\text{d}y$ [pb/GeV]
Legend=1
RatioPlotYMin=1
# END PLOT

# BEGIN HISTO1D /REF/ATLAS_2014_I1325553/d01-x01-y02
IsRef=1
LineColor=green
Path=/REF/ATLAS_2014_I1325553/d01-x01-y02
Title=~
# xlow	 xhigh	 val	 errminus	 errplus
1.000000e+02	1.160000e+02	4.030000e+03	3.411723e+02	3.544568e+02
1.160000e+02	1.340000e+02	1.900000e+03	1.437713e+02	1.485626e+02
1.340000e+02	1.520000e+02	9.310000e+02	6.657138e+01	6.932044e+01
1.520000e+02	1.720000e+02	4.670000e+02	3.278530e+01	3.347647e+01
1.720000e+02	1.940000e+02	2.390000e+02	1.635293e+01	1.647300e+01
1.940000e+02	2.160000e+02	1.260000e+02	8.532014e+00	8.605200e+00
2.160000e+02	2.400000e+02	6.890000e+01	4.484691e+00	4.607906e+00
2.400000e+02	2.640000e+02	3.860000e+01	2.440314e+00	2.517549e+00
2.640000e+02	2.900000e+02	2.220000e+01	1.353124e+00	1.403014e+00
2.900000e+02	3.180000e+02	1.280000e+01	7.453734e-01	7.687463e-01
3.180000e+02	3.460000e+02	7.410000e+00	4.283723e-01	4.308009e-01
3.460000e+02	3.760000e+02	4.500000e+00	2.617577e-01	2.440212e-01
3.760000e+02	4.080000e+02	2.710000e+00	1.500765e-01	1.452016e-01
4.080000e+02	4.420000e+02	1.630000e+00	8.764566e-02	8.726591e-02
4.420000e+02	4.780000e+02	9.690000e-01	5.167605e-02	5.191173e-02
4.780000e+02	5.160000e+02	5.810000e-01	3.149749e-02	3.182798e-02
5.160000e+02	5.560000e+02	3.460000e-01	1.953709e-02	2.017023e-02
5.560000e+02	5.980000e+02	2.070000e-01	1.259814e-02	1.296522e-02
5.980000e+02	6.420000e+02	1.230000e-01	7.946800e-03	8.184086e-03
6.420000e+02	6.880000e+02	7.400000e-02	5.148342e-03	5.221218e-03
6.880000e+02	7.360000e+02	4.450000e-02	3.348210e-03	3.412648e-03
7.360000e+02	7.860000e+02	2.640000e-02	2.176840e-03	2.235910e-03
7.860000e+02	8.380000e+02	1.570000e-02	1.411516e-03	1.437815e-03
8.380000e+02	8.940000e+02	9.470000e-03	9.149706e-04	9.533238e-04
8.940000e+02	9.520000e+02	5.260000e-03	5.514979e-04	5.684938e-04
9.520000e+02	1.012000e+03	2.990000e-03	3.304998e-04	3.481521e-04
1.012000e+03	1.162000e+03	1.120000e-03	1.400851e-04	1.469336e-04
1.162000e+03	1.310000e+03	2.560000e-04	4.255764e-05	4.295463e-05
1.310000e+03	1.992000e+03	2.200000e-05	7.033982e-06	7.136110e-06
# END HISTO1D


# BEGIN HISTO1D /REF/ATLAS_2014_I1325553/d01-x01-y02
ConnectBins=0
ErrorBars=1
IsRef=1
Path=/REF/ATLAS_2014_I1325553/d01-x01-y02
PolyMarker=*
Title=Data
# xlow	 xhigh	 val	 errminus	 errplus
1.000000e+02	1.160000e+02	4.030000e+03	3.411723e+02	3.544568e+02
1.160000e+02	1.340000e+02	1.900000e+03	1.437713e+02	1.485626e+02
1.340000e+02	1.520000e+02	9.310000e+02	6.657138e+01	6.932044e+01
1.520000e+02	1.720000e+02	4.670000e+02	3.278530e+01	3.347647e+01
1.720000e+02	1.940000e+02	2.390000e+02	1.635293e+01	1.647300e+01
1.940000e+02	2.160000e+02	1.260000e+02	8.532014e+00	8.605200e+00
2.160000e+02	2.400000e+02	6.890000e+01	4.484691e+00	4.607906e+00
2.400000e+02	2.640000e+02	3.860000e+01	2.440314e+00	2.517549e+00
2.640000e+02	2.900000e+02	2.220000e+01	1.353124e+00	1.403014e+00
2.900000e+02	3.180000e+02	1.280000e+01	7.453734e-01	7.687463e-01
3.180000e+02	3.460000e+02	7.410000e+00	4.283723e-01	4.308009e-01
3.460000e+02	3.760000e+02	4.500000e+00	2.617577e-01	2.440212e-01
3.760000e+02	4.080000e+02	2.710000e+00	1.500765e-01	1.452016e-01
4.080000e+02	4.420000e+02	1.630000e+00	8.764566e-02	8.726591e-02
4.420000e+02	4.780000e+02	9.690000e-01	5.167605e-02	5.191173e-02
4.780000e+02	5.160000e+02	5.810000e-01	3.149749e-02	3.182798e-02
5.160000e+02	5.560000e+02	3.460000e-01	1.953709e-02	2.017023e-02
5.560000e+02	5.980000e+02	2.070000e-01	1.259814e-02	1.296522e-02
5.980000e+02	6.420000e+02	1.230000e-01	7.946800e-03	8.184086e-03
6.420000e+02	6.880000e+02	7.400000e-02	5.148342e-03	5.221218e-03
6.880000e+02	7.360000e+02	4.450000e-02	3.348210e-03	3.412648e-03
7.360000e+02	7.860000e+02	2.640000e-02	2.176840e-03	2.235910e-03
7.860000e+02	8.380000e+02	1.570000e-02	1.411516e-03	1.437815e-03
8.380000e+02	8.940000e+02	9.470000e-03	9.149706e-04	9.533238e-04
8.940000e+02	9.520000e+02	5.260000e-03	5.514979e-04	5.684938e-04
9.520000e+02	1.012000e+03	2.990000e-03	3.304998e-04	3.481521e-04
1.012000e+03	1.162000e+03	1.120000e-03	1.400851e-04	1.469336e-04
1.162000e+03	1.310000e+03	2.560000e-04	4.255764e-05	4.295463e-05
1.310000e+03	1.992000e+03	2.200000e-05	7.033982e-06	7.136110e-06
# END HISTO1D


# BEGIN HISTO1D /ctest/mY_2100_mX_1600/mY_2100_mX_1600.yoda/ATLAS_2014_I1325553/d01-x01-y02
LineColor=red
Path=/ctest/mY_2100_mX_1600/mY_2100_mX_1600.yoda/ATLAS_2014_I1325553/d01-x01-y02
Title=[26]  0.39
# xlow	 xhigh	 val	 errminus	 errplus
1.000000e+02	1.160000e+02	4.030001e+03	3.411723e+02	3.544568e+02
1.160000e+02	1.340000e+02	1.900001e+03	1.437713e+02	1.485626e+02
1.340000e+02	1.520000e+02	9.310007e+02	6.657141e+01	6.932047e+01
1.520000e+02	1.720000e+02	4.670006e+02	3.278533e+01	3.347650e+01
1.720000e+02	1.940000e+02	2.390006e+02	1.635296e+01	1.647303e+01
1.940000e+02	2.160000e+02	1.260004e+02	8.532039e+00	8.605225e+00
2.160000e+02	2.400000e+02	6.890043e+01	4.484714e+00	4.607929e+00
2.400000e+02	2.640000e+02	3.860035e+01	2.440335e+00	2.517570e+00
2.640000e+02	2.900000e+02	2.220035e+01	1.353144e+00	1.403034e+00
2.900000e+02	3.180000e+02	1.280026e+01	7.453902e-01	7.687631e-01
3.180000e+02	3.460000e+02	7.410264e+00	4.283891e-01	4.308177e-01
3.460000e+02	3.760000e+02	4.500236e+00	2.617731e-01	2.440366e-01
3.760000e+02	4.080000e+02	2.710239e+00	1.500915e-01	1.452166e-01
4.080000e+02	4.420000e+02	1.630228e+00	8.765987e-02	8.728012e-02
4.420000e+02	4.780000e+02	9.692247e-01	5.168975e-02	5.192543e-02
4.780000e+02	5.160000e+02	5.812208e-01	3.151071e-02	3.184120e-02
5.160000e+02	5.560000e+02	3.462458e-01	1.955069e-02	2.018383e-02
5.560000e+02	5.980000e+02	2.072384e-01	1.261121e-02	1.297829e-02
5.980000e+02	6.420000e+02	1.232522e-01	7.959929e-03	8.197215e-03
6.420000e+02	6.880000e+02	7.423993e-02	5.160866e-03	5.233742e-03
6.880000e+02	7.360000e+02	4.474058e-02	3.360487e-03	3.424925e-03
7.360000e+02	7.860000e+02	2.665381e-02	2.189195e-03	2.248265e-03
7.860000e+02	8.380000e+02	1.594694e-02	1.423466e-03	1.449765e-03
8.380000e+02	8.940000e+02	9.705749e-03	9.262223e-04	9.645755e-04
8.940000e+02	9.520000e+02	5.499027e-03	5.626305e-04	5.796264e-04
9.520000e+02	1.012000e+03	3.176952e-03	3.401798e-04	3.578321e-04
1.012000e+03	1.162000e+03	1.171926e-03	1.433116e-04	1.501601e-04
1.162000e+03	1.310000e+03	2.578287e-04	4.316722e-05	4.356421e-05
1.310000e+03	1.992000e+03	2.204409e-05	7.078077e-06	7.180205e-06
# END HISTO1D

