# BEGIN PLOT
DrawOnly=/REF/ATLAS_2014_I1325553/d02-x01-y01 /mY_1600_mX_100.yoda/ATLAS_2014_I1325553/d02-x01-y01 /THY/ATLAS_2014_I1325553/d02-x01-y01
Title=$|y| < 0.5$, $R = 0.6$
RatioPlotReference=/REF/ATLAS_2014_I1325553/d02-x01-y01
RatioPlot=1
LogX=1
LogY=1
XLabel=$p_\text{T}$ [GeV]
MainPlot=1
YLabel=$\text{d}^2\sigma / \text{d}p_\text{T}\text{d}y$ [pb/GeV]
Legend=1
RatioPlotYMin=1
# END PLOT

# BEGIN HISTO1D /REF/ATLAS_2014_I1325553/d02-x01-y01
IsRef=1
LineColor=green
Path=/REF/ATLAS_2014_I1325553/d02-x01-y01
Title=~
# xlow	 xhigh	 val	 errminus	 errplus
1.000000e+02	1.160000e+02	5.520000e+03	4.871205e+02	4.823431e+02
1.160000e+02	1.340000e+02	2.600000e+03	2.066405e+02	2.055087e+02
1.340000e+02	1.520000e+02	1.260000e+03	9.432815e+01	9.586406e+01
1.520000e+02	1.720000e+02	6.340000e+02	4.521185e+01	4.755173e+01
1.720000e+02	1.940000e+02	3.240000e+02	2.169545e+01	2.355150e+01
1.940000e+02	2.160000e+02	1.700000e+02	1.072538e+01	1.156426e+01
2.160000e+02	2.400000e+02	9.430000e+01	5.730221e+00	5.911256e+00
2.400000e+02	2.640000e+02	5.270000e+01	3.062904e+00	3.130171e+00
2.640000e+02	2.900000e+02	3.050000e+01	1.735555e+00	1.741173e+00
2.900000e+02	3.180000e+02	1.750000e+01	9.655180e-01	9.838985e-01
3.180000e+02	3.460000e+02	1.020000e+01	5.607217e-01	5.722009e-01
3.460000e+02	3.760000e+02	6.170000e+00	3.399530e-01	3.361240e-01
3.760000e+02	4.080000e+02	3.720000e+00	2.043377e-01	2.000257e-01
4.080000e+02	4.420000e+02	2.250000e+00	1.209161e-01	1.219998e-01
4.420000e+02	4.780000e+02	1.350000e+00	6.875848e-02	7.221036e-02
4.780000e+02	5.160000e+02	8.090000e-01	4.164928e-02	4.399532e-02
5.160000e+02	5.560000e+02	4.920000e-01	2.679576e-02	2.760558e-02
5.560000e+02	5.980000e+02	2.980000e-01	1.703653e-02	1.734647e-02
5.980000e+02	6.420000e+02	1.820000e-01	1.131784e-02	1.136748e-02
6.420000e+02	6.880000e+02	1.110000e-01	7.508106e-03	7.549020e-03
6.880000e+02	7.360000e+02	6.740000e-02	4.898455e-03	5.041502e-03
7.360000e+02	7.860000e+02	4.170000e-02	3.271301e-03	3.379285e-03
7.860000e+02	8.380000e+02	2.530000e-02	2.152880e-03	2.231999e-03
8.380000e+02	8.940000e+02	1.510000e-02	1.398280e-03	1.452507e-03
8.940000e+02	9.520000e+02	9.080000e-03	9.009355e-04	9.327684e-04
9.520000e+02	1.012000e+03	5.610000e-03	5.990104e-04	6.270916e-04
1.012000e+03	1.076000e+03	3.290000e-03	3.839305e-04	4.041213e-04
1.076000e+03	1.162000e+03	1.850000e-03	2.259576e-04	2.368000e-04
1.162000e+03	1.310000e+03	8.050000e-04	1.128867e-04	1.160653e-04
1.310000e+03	1.530000e+03	1.720000e-04	4.049714e-05	3.905877e-05
1.530000e+03	1.992000e+03	1.390000e-05	6.372494e-06	7.305822e-06
# END HISTO1D


# BEGIN HISTO1D /REF/ATLAS_2014_I1325553/d02-x01-y01
ConnectBins=0
ErrorBars=1
IsRef=1
Path=/REF/ATLAS_2014_I1325553/d02-x01-y01
PolyMarker=*
Title=Data
# xlow	 xhigh	 val	 errminus	 errplus
1.000000e+02	1.160000e+02	5.520000e+03	4.871205e+02	4.823431e+02
1.160000e+02	1.340000e+02	2.600000e+03	2.066405e+02	2.055087e+02
1.340000e+02	1.520000e+02	1.260000e+03	9.432815e+01	9.586406e+01
1.520000e+02	1.720000e+02	6.340000e+02	4.521185e+01	4.755173e+01
1.720000e+02	1.940000e+02	3.240000e+02	2.169545e+01	2.355150e+01
1.940000e+02	2.160000e+02	1.700000e+02	1.072538e+01	1.156426e+01
2.160000e+02	2.400000e+02	9.430000e+01	5.730221e+00	5.911256e+00
2.400000e+02	2.640000e+02	5.270000e+01	3.062904e+00	3.130171e+00
2.640000e+02	2.900000e+02	3.050000e+01	1.735555e+00	1.741173e+00
2.900000e+02	3.180000e+02	1.750000e+01	9.655180e-01	9.838985e-01
3.180000e+02	3.460000e+02	1.020000e+01	5.607217e-01	5.722009e-01
3.460000e+02	3.760000e+02	6.170000e+00	3.399530e-01	3.361240e-01
3.760000e+02	4.080000e+02	3.720000e+00	2.043377e-01	2.000257e-01
4.080000e+02	4.420000e+02	2.250000e+00	1.209161e-01	1.219998e-01
4.420000e+02	4.780000e+02	1.350000e+00	6.875848e-02	7.221036e-02
4.780000e+02	5.160000e+02	8.090000e-01	4.164928e-02	4.399532e-02
5.160000e+02	5.560000e+02	4.920000e-01	2.679576e-02	2.760558e-02
5.560000e+02	5.980000e+02	2.980000e-01	1.703653e-02	1.734647e-02
5.980000e+02	6.420000e+02	1.820000e-01	1.131784e-02	1.136748e-02
6.420000e+02	6.880000e+02	1.110000e-01	7.508106e-03	7.549020e-03
6.880000e+02	7.360000e+02	6.740000e-02	4.898455e-03	5.041502e-03
7.360000e+02	7.860000e+02	4.170000e-02	3.271301e-03	3.379285e-03
7.860000e+02	8.380000e+02	2.530000e-02	2.152880e-03	2.231999e-03
8.380000e+02	8.940000e+02	1.510000e-02	1.398280e-03	1.452507e-03
8.940000e+02	9.520000e+02	9.080000e-03	9.009355e-04	9.327684e-04
9.520000e+02	1.012000e+03	5.610000e-03	5.990104e-04	6.270916e-04
1.012000e+03	1.076000e+03	3.290000e-03	3.839305e-04	4.041213e-04
1.076000e+03	1.162000e+03	1.850000e-03	2.259576e-04	2.368000e-04
1.162000e+03	1.310000e+03	8.050000e-04	1.128867e-04	1.160653e-04
1.310000e+03	1.530000e+03	1.720000e-04	4.049714e-05	3.905877e-05
1.530000e+03	1.992000e+03	1.390000e-05	6.372494e-06	7.305822e-06
# END HISTO1D


# BEGIN HISTO1D /mY_1600_mX_100.yoda/ATLAS_2014_I1325553/d02-x01-y01
LineColor=red
Path=/mY_1600_mX_100.yoda/ATLAS_2014_I1325553/d02-x01-y01
Title=[22]  0.59
# xlow	 xhigh	 val	 errminus	 errplus
1.000000e+02	1.160000e+02	5.520005e+03	4.871207e+02	4.823433e+02
1.160000e+02	1.340000e+02	2.600004e+03	2.066407e+02	2.055089e+02
1.340000e+02	1.520000e+02	1.260003e+03	9.432833e+01	9.586424e+01
1.520000e+02	1.720000e+02	6.340028e+02	4.521201e+01	4.755189e+01
1.720000e+02	1.940000e+02	3.240021e+02	2.169558e+01	2.355163e+01
1.940000e+02	2.160000e+02	1.700020e+02	1.072550e+01	1.156438e+01
2.160000e+02	2.400000e+02	9.430178e+01	5.730335e+00	5.911370e+00
2.400000e+02	2.640000e+02	5.270140e+01	3.063005e+00	3.130272e+00
2.640000e+02	2.900000e+02	3.050137e+01	1.735651e+00	1.741269e+00
2.900000e+02	3.180000e+02	1.750125e+01	9.656062e-01	9.839867e-01
3.180000e+02	3.460000e+02	1.020124e+01	5.608097e-01	5.722889e-01
3.460000e+02	3.760000e+02	6.171415e+00	3.400438e-01	3.362148e-01
3.760000e+02	4.080000e+02	3.721223e+00	2.044194e-01	2.001074e-01
4.080000e+02	4.420000e+02	2.251459e+00	1.210027e-01	1.220864e-01
4.420000e+02	4.780000e+02	1.351369e+00	6.883998e-02	7.229186e-02
4.780000e+02	5.160000e+02	8.105172e-01	4.173280e-02	4.407884e-02
5.160000e+02	5.560000e+02	4.938214e-01	2.688495e-02	2.769477e-02
5.560000e+02	5.980000e+02	2.996556e-01	1.711952e-02	1.742946e-02
5.980000e+02	6.420000e+02	1.838821e-01	1.140429e-02	1.145393e-02
6.420000e+02	6.880000e+02	1.134839e-01	7.605235e-03	7.646149e-03
6.880000e+02	7.360000e+02	7.007525e-02	4.997133e-03	5.140180e-03
7.360000e+02	7.860000e+02	4.449187e-02	3.370070e-03	3.478054e-03
7.860000e+02	8.380000e+02	2.689591e-02	2.226105e-03	2.305224e-03
8.380000e+02	8.940000e+02	1.549310e-02	1.433300e-03	1.487527e-03
8.940000e+02	9.520000e+02	9.182416e-03	9.184998e-04	9.503327e-04
9.520000e+02	1.012000e+03	5.636207e-03	6.077459e-04	6.358271e-04
1.012000e+03	1.076000e+03	3.317298e-03	3.925630e-04	4.127538e-04
1.076000e+03	1.162000e+03	1.854063e-03	2.288306e-04	2.396730e-04
1.162000e+03	1.310000e+03	8.061805e-04	1.140672e-04	1.172458e-04
1.310000e+03	1.530000e+03	1.720000e-04	4.049714e-05	3.905877e-05
1.530000e+03	1.992000e+03	1.390000e-05	6.372494e-06	7.305822e-06
# END HISTO1D

