# BEGIN PLOT
DrawOnly=/REF/ATLAS_2014_I1268975/d01-x01-y01 /mY_1600_mX_100.yoda/ATLAS_2014_I1268975/d01-x01-y01 /THY/ATLAS_2014_I1268975/d01-x01-y01
Title=Dijet double-differential cross sections ($y^{*} < 0.5$), R=0.4
RatioPlotReference=/REF/ATLAS_2014_I1268975/d01-x01-y01
RatioPlot=1
LogY=1
XLabel=$m_{12} [TeV]$
MainPlot=1
YLabel=$d^2\sigma/dm_{12}dy^{*}$ [pb/TeV]
Legend=1
RatioPlotYMin=1
# END PLOT

# BEGIN HISTO1D /REF/ATLAS_2014_I1268975/d01-x01-y01
IsRef=1
LineColor=green
Path=/REF/ATLAS_2014_I1268975/d01-x01-y01
Title=~
# xlow	 xhigh	 val	 errminus	 errplus
2.600000e-01	3.100000e-01	7.770000e+05	6.091625e+04	6.306852e+04
3.100000e-01	3.700000e-01	2.980000e+05	2.206064e+04	2.321588e+04
3.700000e-01	4.400000e-01	1.140000e+05	8.374974e+03	8.554604e+03
4.400000e-01	5.100000e-01	4.570000e+04	3.339222e+03	3.307171e+03
5.100000e-01	5.900000e-01	1.960000e+04	1.349989e+03	1.365832e+03
5.900000e-01	6.700000e-01	8.740000e+03	5.620500e+02	5.755468e+02
6.700000e-01	7.600000e-01	4.080000e+03	2.475269e+02	2.574493e+02
7.600000e-01	8.500000e-01	1.970000e+03	1.132421e+02	1.187296e+02
8.500000e-01	9.500000e-01	9.720000e+02	5.396430e+01	5.616058e+01
9.500000e-01	1.060000e+00	4.710000e+02	2.616815e+01	2.697383e+01
1.060000e+00	1.180000e+00	2.300000e+02	1.311460e+01	1.361336e+01
1.180000e+00	1.310000e+00	1.120000e+02	6.951412e+00	7.184789e+00
1.310000e+00	1.450000e+00	5.220000e+01	3.525143e+00	3.633622e+00
1.450000e+00	1.600000e+00	2.530000e+01	1.908279e+00	1.955330e+00
1.600000e+00	1.760000e+00	1.220000e+01	1.028653e+00	1.038016e+00
1.760000e+00	1.940000e+00	5.930000e+00	5.510805e-01	5.557824e-01
1.940000e+00	2.120000e+00	2.580000e+00	2.686051e-01	2.709983e-01
2.120000e+00	2.330000e+00	1.220000e+00	1.360847e-01	1.471213e-01
2.330000e+00	2.550000e+00	5.590000e-01	7.248532e-02	7.248532e-02
2.550000e+00	2.780000e+00	2.160000e-01	3.575264e-02	3.575264e-02
2.780000e+00	4.270000e+00	2.070000e-02	5.952645e-03	6.134050e-03
# END HISTO1D


# BEGIN HISTO1D /REF/ATLAS_2014_I1268975/d01-x01-y01
ConnectBins=0
ErrorBars=1
IsRef=1
Path=/REF/ATLAS_2014_I1268975/d01-x01-y01
PolyMarker=*
Title=Data
# xlow	 xhigh	 val	 errminus	 errplus
2.600000e-01	3.100000e-01	7.770000e+05	6.091625e+04	6.306852e+04
3.100000e-01	3.700000e-01	2.980000e+05	2.206064e+04	2.321588e+04
3.700000e-01	4.400000e-01	1.140000e+05	8.374974e+03	8.554604e+03
4.400000e-01	5.100000e-01	4.570000e+04	3.339222e+03	3.307171e+03
5.100000e-01	5.900000e-01	1.960000e+04	1.349989e+03	1.365832e+03
5.900000e-01	6.700000e-01	8.740000e+03	5.620500e+02	5.755468e+02
6.700000e-01	7.600000e-01	4.080000e+03	2.475269e+02	2.574493e+02
7.600000e-01	8.500000e-01	1.970000e+03	1.132421e+02	1.187296e+02
8.500000e-01	9.500000e-01	9.720000e+02	5.396430e+01	5.616058e+01
9.500000e-01	1.060000e+00	4.710000e+02	2.616815e+01	2.697383e+01
1.060000e+00	1.180000e+00	2.300000e+02	1.311460e+01	1.361336e+01
1.180000e+00	1.310000e+00	1.120000e+02	6.951412e+00	7.184789e+00
1.310000e+00	1.450000e+00	5.220000e+01	3.525143e+00	3.633622e+00
1.450000e+00	1.600000e+00	2.530000e+01	1.908279e+00	1.955330e+00
1.600000e+00	1.760000e+00	1.220000e+01	1.028653e+00	1.038016e+00
1.760000e+00	1.940000e+00	5.930000e+00	5.510805e-01	5.557824e-01
1.940000e+00	2.120000e+00	2.580000e+00	2.686051e-01	2.709983e-01
2.120000e+00	2.330000e+00	1.220000e+00	1.360847e-01	1.471213e-01
2.330000e+00	2.550000e+00	5.590000e-01	7.248532e-02	7.248532e-02
2.550000e+00	2.780000e+00	2.160000e-01	3.575264e-02	3.575264e-02
2.780000e+00	4.270000e+00	2.070000e-02	5.952645e-03	6.134050e-03
# END HISTO1D


# BEGIN HISTO1D /mY_1600_mX_100.yoda/ATLAS_2014_I1268975/d01-x01-y01
LineColor=red
Path=/mY_1600_mX_100.yoda/ATLAS_2014_I1268975/d01-x01-y01
Title=[14]  0.73
# xlow	 xhigh	 val	 errminus	 errplus
2.600000e-01	3.100000e-01	7.770008e+05	6.091633e+04	6.306860e+04
3.100000e-01	3.700000e-01	2.980007e+05	2.206070e+04	2.321594e+04
3.700000e-01	4.400000e-01	1.140006e+05	8.375030e+03	8.554660e+03
4.400000e-01	5.100000e-01	4.570063e+04	3.339278e+03	3.307227e+03
5.100000e-01	5.900000e-01	1.960053e+04	1.350037e+03	1.365880e+03
5.900000e-01	6.700000e-01	8.740550e+03	5.620990e+02	5.755958e+02
6.700000e-01	7.600000e-01	4.080582e+03	2.475745e+02	2.574969e+02
7.600000e-01	8.500000e-01	1.970567e+03	1.132890e+02	1.187765e+02
8.500000e-01	9.500000e-01	9.727093e+02	5.401408e+01	5.621036e+01
9.500000e-01	1.060000e+00	4.717115e+02	2.621569e+01	2.702137e+01
1.060000e+00	1.180000e+00	2.308998e+02	1.316579e+01	1.366455e+01
1.180000e+00	1.310000e+00	1.129784e+02	7.002693e+00	7.236070e+00
1.310000e+00	1.450000e+00	5.338553e+01	3.579539e+00	3.688018e+00
1.450000e+00	1.600000e+00	2.745942e+01	1.979204e+00	2.026255e+00
1.600000e+00	1.760000e+00	1.280930e+01	1.065131e+00	1.074494e+00
1.760000e+00	1.940000e+00	5.984354e+00	5.613525e-01	5.660544e-01
1.940000e+00	2.120000e+00	2.587765e+00	2.724876e-01	2.748808e-01
2.120000e+00	2.330000e+00	1.224992e+00	1.389667e-01	1.500033e-01
2.330000e+00	2.550000e+00	5.590000e-01	7.248532e-02	7.248532e-02
2.550000e+00	2.780000e+00	2.160000e-01	3.575264e-02	3.575264e-02
2.780000e+00	4.270000e+00	2.070000e-02	5.952645e-03	6.134050e-03
# END HISTO1D

