# BEGIN PLOT
DrawOnly=/REF/CMS_2013_I1208923/d01-x01-y02 /mY_1600_mX_100.yoda/CMS_2013_I1208923/d01-x01-y02 /THY/CMS_2013_I1208923/d01-x01-y02
Title=Single Jet Analysis, $0.5 < |y| < 1.0$, $\sqrt{s} = 7$ TeV
RatioPlotReference=/REF/CMS_2013_I1208923/d01-x01-y02
RatioPlot=1
LogX=0
LogY=1
XLabel=Jet $p_{T}$ [GeV]
MainPlot=1
YLabel=d$^2\sigma$/d$p_{T}$d$y$ [pb/GeV]
Legend=1
RatioPlotYMin=1
FullRange=1
# END PLOT

# BEGIN HISTO1D /REF/CMS_2013_I1208923/d01-x01-y02
IsRef=1
LineColor=green
Path=/REF/CMS_2013_I1208923/d01-x01-y02
Title=~
# xlow	 xhigh	 val	 errminus	 errplus
1.140000e+02	1.330000e+02	2.810000e+03	2.087870e+02	2.048414e+02
1.330000e+02	1.530000e+02	1.234000e+03	8.807383e+01	8.709765e+01
1.530000e+02	1.740000e+02	5.766000e+02	3.875939e+01	3.837252e+01
1.740000e+02	1.960000e+02	2.860000e+02	1.848378e+01	1.769209e+01
1.960000e+02	2.200000e+02	1.460000e+02	8.944272e+00	9.141116e+00
2.200000e+02	2.450000e+02	7.607000e+01	4.610694e+00	4.600891e+00
2.450000e+02	2.720000e+02	4.055000e+01	2.466759e+00	2.427859e+00
2.720000e+02	3.000000e+02	2.222000e+01	1.358565e+00	1.339291e+00
3.000000e+02	3.300000e+02	1.242000e+01	7.269113e-01	7.368175e-01
3.300000e+02	3.620000e+02	6.966000e+00	4.197547e-01	4.118471e-01
3.620000e+02	3.950000e+02	3.942000e+00	2.362224e-01	2.362224e-01
3.950000e+02	4.300000e+02	2.269000e+00	1.379311e-01	1.399178e-01
4.300000e+02	4.680000e+02	1.303000e+00	8.161495e-02	8.161495e-02
4.680000e+02	5.070000e+02	7.474000e-01	4.777217e-02	4.816825e-02
5.070000e+02	5.480000e+02	4.242000e-01	2.765231e-02	2.775212e-02
5.480000e+02	5.920000e+02	2.449000e-01	1.634411e-02	1.664332e-02
5.920000e+02	6.380000e+02	1.428000e-01	9.940825e-03	1.004042e-02
6.380000e+02	6.860000e+02	8.285000e-02	5.938392e-03	6.077738e-03
6.860000e+02	7.370000e+02	4.771000e-02	3.562485e-03	3.641772e-03
7.370000e+02	7.900000e+02	2.762000e-02	2.155412e-03	2.214723e-03
7.900000e+02	8.460000e+02	1.550000e-02	1.274755e-03	1.294372e-03
8.460000e+02	9.050000e+02	8.333000e-03	7.196034e-04	7.390189e-04
9.050000e+02	9.670000e+02	4.376000e-03	4.051234e-04	4.137076e-04
9.670000e+02	1.032000e+03	2.396000e-03	2.373205e-04	2.438237e-04
1.032000e+03	1.101000e+03	1.426000e-03	1.543049e-04	1.570127e-04
1.101000e+03	1.172000e+03	7.655000e-04	9.109627e-05	9.314145e-05
1.172000e+03	1.248000e+03	3.218000e-04	4.577554e-05	4.668404e-05
1.248000e+03	1.327000e+03	1.292000e-04	2.325446e-05	2.350766e-05
1.327000e+03	1.410000e+03	7.129000e-05	1.704254e-05	1.717911e-05
1.410000e+03	1.784000e+03	1.531000e-05	3.816346e-06	3.855490e-06
# END HISTO1D


# BEGIN HISTO1D /REF/CMS_2013_I1208923/d01-x01-y02
ConnectBins=0
ErrorBars=1
IsRef=1
Path=/REF/CMS_2013_I1208923/d01-x01-y02
PolyMarker=*
Title=Data
# xlow	 xhigh	 val	 errminus	 errplus
1.140000e+02	1.330000e+02	2.810000e+03	2.087870e+02	2.048414e+02
1.330000e+02	1.530000e+02	1.234000e+03	8.807383e+01	8.709765e+01
1.530000e+02	1.740000e+02	5.766000e+02	3.875939e+01	3.837252e+01
1.740000e+02	1.960000e+02	2.860000e+02	1.848378e+01	1.769209e+01
1.960000e+02	2.200000e+02	1.460000e+02	8.944272e+00	9.141116e+00
2.200000e+02	2.450000e+02	7.607000e+01	4.610694e+00	4.600891e+00
2.450000e+02	2.720000e+02	4.055000e+01	2.466759e+00	2.427859e+00
2.720000e+02	3.000000e+02	2.222000e+01	1.358565e+00	1.339291e+00
3.000000e+02	3.300000e+02	1.242000e+01	7.269113e-01	7.368175e-01
3.300000e+02	3.620000e+02	6.966000e+00	4.197547e-01	4.118471e-01
3.620000e+02	3.950000e+02	3.942000e+00	2.362224e-01	2.362224e-01
3.950000e+02	4.300000e+02	2.269000e+00	1.379311e-01	1.399178e-01
4.300000e+02	4.680000e+02	1.303000e+00	8.161495e-02	8.161495e-02
4.680000e+02	5.070000e+02	7.474000e-01	4.777217e-02	4.816825e-02
5.070000e+02	5.480000e+02	4.242000e-01	2.765231e-02	2.775212e-02
5.480000e+02	5.920000e+02	2.449000e-01	1.634411e-02	1.664332e-02
5.920000e+02	6.380000e+02	1.428000e-01	9.940825e-03	1.004042e-02
6.380000e+02	6.860000e+02	8.285000e-02	5.938392e-03	6.077738e-03
6.860000e+02	7.370000e+02	4.771000e-02	3.562485e-03	3.641772e-03
7.370000e+02	7.900000e+02	2.762000e-02	2.155412e-03	2.214723e-03
7.900000e+02	8.460000e+02	1.550000e-02	1.274755e-03	1.294372e-03
8.460000e+02	9.050000e+02	8.333000e-03	7.196034e-04	7.390189e-04
9.050000e+02	9.670000e+02	4.376000e-03	4.051234e-04	4.137076e-04
9.670000e+02	1.032000e+03	2.396000e-03	2.373205e-04	2.438237e-04
1.032000e+03	1.101000e+03	1.426000e-03	1.543049e-04	1.570127e-04
1.101000e+03	1.172000e+03	7.655000e-04	9.109627e-05	9.314145e-05
1.172000e+03	1.248000e+03	3.218000e-04	4.577554e-05	4.668404e-05
1.248000e+03	1.327000e+03	1.292000e-04	2.325446e-05	2.350766e-05
1.327000e+03	1.410000e+03	7.129000e-05	1.704254e-05	1.717911e-05
1.410000e+03	1.784000e+03	1.531000e-05	3.816346e-06	3.855490e-06
# END HISTO1D


# BEGIN HISTO1D /mY_1600_mX_100.yoda/CMS_2013_I1208923/d01-x01-y02
LineColor=red
Path=/mY_1600_mX_100.yoda/CMS_2013_I1208923/d01-x01-y02
Title=[20]  0.45
# xlow	 xhigh	 val	 errminus	 errplus
1.140000e+02	1.330000e+02	2.810003e+03	2.087872e+02	2.048416e+02
1.330000e+02	1.530000e+02	1.234003e+03	8.807398e+01	8.709780e+01
1.530000e+02	1.740000e+02	5.766021e+02	3.875952e+01	3.837265e+01
1.740000e+02	1.960000e+02	2.860020e+02	1.848391e+01	1.769222e+01
1.960000e+02	2.200000e+02	1.460018e+02	8.944386e+00	9.141230e+00
2.200000e+02	2.450000e+02	7.607157e+01	4.610799e+00	4.600996e+00
2.450000e+02	2.720000e+02	4.055142e+01	2.466855e+00	2.427955e+00
2.720000e+02	3.000000e+02	2.222135e+01	1.358657e+00	1.339383e+00
3.000000e+02	3.300000e+02	1.242126e+01	7.269971e-01	7.369033e-01
3.300000e+02	3.620000e+02	6.967267e+00	4.198379e-01	4.119303e-01
3.620000e+02	3.950000e+02	3.943329e+00	2.363063e-01	2.363063e-01
3.950000e+02	4.300000e+02	2.270348e+00	1.380131e-01	1.399998e-01
4.300000e+02	4.680000e+02	1.304361e+00	8.169405e-02	8.169405e-02
4.680000e+02	5.070000e+02	7.490351e-01	4.785776e-02	4.825384e-02
5.070000e+02	5.480000e+02	4.256616e-01	2.773123e-02	2.783104e-02
5.480000e+02	5.920000e+02	2.465637e-01	1.642539e-02	1.672460e-02
5.920000e+02	6.380000e+02	1.443078e-01	1.001650e-02	1.011610e-02
6.380000e+02	6.860000e+02	8.443331e-02	6.014306e-03	6.153652e-03
6.860000e+02	7.370000e+02	4.931322e-02	3.636594e-03	3.715881e-03
7.370000e+02	7.900000e+02	2.896824e-02	2.222078e-03	2.281389e-03
7.900000e+02	8.460000e+02	1.605221e-02	1.316262e-03	1.335879e-03
8.460000e+02	9.050000e+02	8.504749e-03	7.421552e-04	7.615707e-04
9.050000e+02	9.670000e+02	4.401361e-03	4.135771e-04	4.221613e-04
9.670000e+02	1.032000e+03	2.401376e-03	2.411217e-04	2.476249e-04
1.032000e+03	1.101000e+03	1.436128e-03	1.593690e-04	1.620768e-04
1.101000e+03	1.172000e+03	7.728821e-04	9.535834e-05	9.740352e-05
1.172000e+03	1.248000e+03	3.218000e-04	4.577554e-05	4.668404e-05
1.248000e+03	1.327000e+03	1.292000e-04	2.325446e-05	2.350766e-05
1.327000e+03	1.410000e+03	7.129000e-05	1.704254e-05	1.717911e-05
1.410000e+03	1.784000e+03	1.531000e-05	3.816346e-06	3.855490e-06
# END HISTO1D

