# BEGIN PLOT
DrawOnly=/REF/ATLAS_2014_I1325553/d02-x01-y04 /ctest/mY_1600_mX_1100/mY_1600_mX_1100.yoda/ATLAS_2014_I1325553/d02-x01-y04 /THY/ATLAS_2014_I1325553/d02-x01-y04
Title=$1.5 < |y| < 2.0$, $R = 0.6$
RatioPlotReference=/REF/ATLAS_2014_I1325553/d02-x01-y04
RatioPlot=1
LogX=1
LogY=1
XLabel=$p_\text{T}$ [GeV]
MainPlot=1
YLabel=$\text{d}^2\sigma / \text{d}p_\text{T}\text{d}y$ [pb/GeV]
Legend=1
RatioPlotYMin=1
# END PLOT

# BEGIN HISTO1D /REF/ATLAS_2014_I1325553/d02-x01-y04
IsRef=1
LineColor=green
Path=/REF/ATLAS_2014_I1325553/d02-x01-y04
Title=~
# xlow	 xhigh	 val	 errminus	 errplus
1.000000e+02	1.160000e+02	3.250000e+03	5.118002e+02	5.263997e+02
1.160000e+02	1.340000e+02	1.470000e+03	2.048792e+02	2.184323e+02
1.340000e+02	1.520000e+02	6.910000e+02	9.083431e+01	9.986564e+01
1.520000e+02	1.720000e+02	3.420000e+02	4.412570e+01	4.722054e+01
1.720000e+02	1.940000e+02	1.660000e+02	2.073871e+01	2.177323e+01
1.940000e+02	2.160000e+02	8.160000e+01	9.911293e+00	1.032425e+01
2.160000e+02	2.400000e+02	4.280000e+01	5.074934e+00	5.332786e+00
2.400000e+02	2.640000e+02	2.280000e+01	2.607388e+00	2.779544e+00
2.640000e+02	2.900000e+02	1.230000e+01	1.352720e+00	1.474616e+00
2.900000e+02	3.180000e+02	6.380000e+00	6.847140e-01	7.491000e-01
3.180000e+02	3.460000e+02	3.480000e+00	3.755015e-01	3.939938e-01
3.460000e+02	3.760000e+02	1.930000e+00	2.101840e-01	2.130269e-01
3.760000e+02	4.080000e+02	1.020000e+00	1.070538e-01	1.125587e-01
4.080000e+02	4.420000e+02	5.310000e-01	5.385872e-02	5.808764e-02
4.420000e+02	4.780000e+02	2.740000e-01	2.799203e-02	3.071589e-02
4.780000e+02	5.160000e+02	1.370000e-01	1.462814e-02	1.602715e-02
5.160000e+02	5.560000e+02	6.730000e-02	7.552308e-03	8.201769e-03
5.560000e+02	5.980000e+02	3.170000e-02	3.896651e-03	4.073666e-03
5.980000e+02	6.420000e+02	1.440000e-02	1.952037e-03	1.963898e-03
6.420000e+02	6.880000e+02	6.470000e-03	9.524754e-04	9.755121e-04
6.880000e+02	7.360000e+02	2.660000e-03	4.331147e-04	4.370745e-04
7.360000e+02	8.940000e+02	5.360000e-04	1.038236e-04	1.063065e-04
8.940000e+02	1.992000e+03	2.700000e-06	1.105639e-06	1.157560e-06
# END HISTO1D


# BEGIN HISTO1D /REF/ATLAS_2014_I1325553/d02-x01-y04
ConnectBins=0
ErrorBars=1
IsRef=1
Path=/REF/ATLAS_2014_I1325553/d02-x01-y04
PolyMarker=*
Title=Data
# xlow	 xhigh	 val	 errminus	 errplus
1.000000e+02	1.160000e+02	3.250000e+03	5.118002e+02	5.263997e+02
1.160000e+02	1.340000e+02	1.470000e+03	2.048792e+02	2.184323e+02
1.340000e+02	1.520000e+02	6.910000e+02	9.083431e+01	9.986564e+01
1.520000e+02	1.720000e+02	3.420000e+02	4.412570e+01	4.722054e+01
1.720000e+02	1.940000e+02	1.660000e+02	2.073871e+01	2.177323e+01
1.940000e+02	2.160000e+02	8.160000e+01	9.911293e+00	1.032425e+01
2.160000e+02	2.400000e+02	4.280000e+01	5.074934e+00	5.332786e+00
2.400000e+02	2.640000e+02	2.280000e+01	2.607388e+00	2.779544e+00
2.640000e+02	2.900000e+02	1.230000e+01	1.352720e+00	1.474616e+00
2.900000e+02	3.180000e+02	6.380000e+00	6.847140e-01	7.491000e-01
3.180000e+02	3.460000e+02	3.480000e+00	3.755015e-01	3.939938e-01
3.460000e+02	3.760000e+02	1.930000e+00	2.101840e-01	2.130269e-01
3.760000e+02	4.080000e+02	1.020000e+00	1.070538e-01	1.125587e-01
4.080000e+02	4.420000e+02	5.310000e-01	5.385872e-02	5.808764e-02
4.420000e+02	4.780000e+02	2.740000e-01	2.799203e-02	3.071589e-02
4.780000e+02	5.160000e+02	1.370000e-01	1.462814e-02	1.602715e-02
5.160000e+02	5.560000e+02	6.730000e-02	7.552308e-03	8.201769e-03
5.560000e+02	5.980000e+02	3.170000e-02	3.896651e-03	4.073666e-03
5.980000e+02	6.420000e+02	1.440000e-02	1.952037e-03	1.963898e-03
6.420000e+02	6.880000e+02	6.470000e-03	9.524754e-04	9.755121e-04
6.880000e+02	7.360000e+02	2.660000e-03	4.331147e-04	4.370745e-04
7.360000e+02	8.940000e+02	5.360000e-04	1.038236e-04	1.063065e-04
8.940000e+02	1.992000e+03	2.700000e-06	1.105639e-06	1.157560e-06
# END HISTO1D


# BEGIN HISTO1D /ctest/mY_1600_mX_1100/mY_1600_mX_1100.yoda/ATLAS_2014_I1325553/d02-x01-y04
LineColor=red
Path=/ctest/mY_1600_mX_1100/mY_1600_mX_1100.yoda/ATLAS_2014_I1325553/d02-x01-y04
Title=[20]  0.11
# xlow	 xhigh	 val	 errminus	 errplus
1.000000e+02	1.160000e+02	3.250003e+03	5.118004e+02	5.263999e+02
1.160000e+02	1.340000e+02	1.470002e+03	2.048793e+02	2.184324e+02
1.340000e+02	1.520000e+02	6.910021e+02	9.083445e+01	9.986578e+01
1.520000e+02	1.720000e+02	3.420018e+02	4.412582e+01	4.722066e+01
1.720000e+02	1.940000e+02	1.660016e+02	2.073882e+01	2.177334e+01
1.940000e+02	2.160000e+02	8.160144e+01	9.911396e+00	1.032435e+01
2.160000e+02	2.400000e+02	4.280151e+01	5.075035e+00	5.332887e+00
2.400000e+02	2.640000e+02	2.280134e+01	2.607484e+00	2.779640e+00
2.640000e+02	2.900000e+02	1.230125e+01	1.352809e+00	1.474705e+00
2.900000e+02	3.180000e+02	6.381134e+00	6.847954e-01	7.491814e-01
3.180000e+02	3.460000e+02	3.481047e+00	3.755797e-01	3.940720e-01
3.460000e+02	3.760000e+02	1.930933e+00	2.102554e-01	2.130983e-01
3.760000e+02	4.080000e+02	1.020926e+00	1.071226e-01	1.126275e-01
4.080000e+02	4.420000e+02	5.317127e-01	5.391730e-02	5.814622e-02
4.420000e+02	4.780000e+02	2.747459e-01	2.805027e-02	3.077413e-02
4.780000e+02	5.160000e+02	1.375731e-01	1.467783e-02	1.607684e-02
5.160000e+02	5.560000e+02	6.783622e-02	7.599157e-03	8.248618e-03
5.560000e+02	5.980000e+02	3.207424e-02	3.934847e-03	4.111862e-03
5.980000e+02	6.420000e+02	1.458606e-02	1.978349e-03	1.990210e-03
6.420000e+02	6.880000e+02	6.605255e-03	9.744167e-04	9.974534e-04
6.880000e+02	7.360000e+02	2.687288e-03	4.427626e-04	4.467224e-04
7.360000e+02	8.940000e+02	5.370363e-04	1.048599e-04	1.073428e-04
8.940000e+02	1.992000e+03	2.700000e-06	1.105639e-06	1.157560e-06
# END HISTO1D

