# BEGIN PLOT
XTwosidedTicks=1
DrawOnly=/REF/ATLAS_2014_I1326641/d09-x01-y01 /ctest/mY_1600_mX_1100/mY_1600_mX_1100.yoda/ATLAS_2014_I1326641/d09-x01-y01 /THY/ATLAS_2014_I1326641/d09-x01-y01
Title=anti-$k_\text{t}$ $R=0.6$, $6 \leq \left|Y^\ast\right| < 8$
RatioPlotReference=/REF/ATLAS_2014_I1326641/d09-x01-y01
RatioPlot=1
LogY=1
XLabel=$m_{jjj}$ [GeV]
MainPlot=1
YLabel=$\text{d}^2\sigma / \text{d}m_{jjj} / \text{d}\left|Y^\ast\right|$ [pb/GeV]
YTwosidedTicks=1
Legend=1
RatioPlotYMin=1
# END PLOT

# BEGIN HISTO1D /REF/ATLAS_2014_I1326641/d09-x01-y01
IsRef=1
LineColor=green
Path=/REF/ATLAS_2014_I1326641/d09-x01-y01
Title=~
# xlow	 xhigh	 val	 errminus	 errplus
7.600000e+02	8.400000e+02	3.480000e+00	4.567063e-01	4.395102e-01
8.400000e+02	9.400000e+02	3.615000e+00	4.689824e-01	4.767600e-01
9.400000e+02	1.040000e+03	2.870000e+00	3.759824e-01	3.952055e-01
1.040000e+03	1.140000e+03	2.045000e+00	2.746108e-01	2.919171e-01
1.140000e+03	1.260000e+03	1.250000e+00	1.712741e-01	1.838070e-01
1.260000e+03	1.380000e+03	6.700000e-01	9.324455e-02	1.004376e-01
1.380000e+03	1.520000e+03	3.640000e-01	5.131303e-02	5.494673e-02
1.520000e+03	1.660000e+03	1.905000e-01	2.715231e-02	2.862917e-02
1.660000e+03	1.800000e+03	1.095000e-01	1.576445e-02	1.629852e-02
1.800000e+03	1.940000e+03	5.500000e-02	7.969826e-03	8.120837e-03
1.940000e+03	2.100000e+03	3.000000e-02	4.358406e-03	4.423601e-03
2.100000e+03	2.260000e+03	1.575000e-02	2.300229e-03	2.350918e-03
2.260000e+03	2.420000e+03	8.700000e-03	1.282923e-03	1.325730e-03
2.420000e+03	2.580000e+03	4.275000e-03	6.373949e-04	6.651625e-04
2.580000e+03	2.760000e+03	2.200000e-03	3.323356e-04	3.503769e-04
2.760000e+03	2.940000e+03	1.120000e-03	1.722197e-04	1.831760e-04
2.940000e+03	3.120000e+03	5.450000e-04	8.556014e-05	9.144660e-05
3.120000e+03	3.440000e+03	2.005000e-04	3.264509e-05	3.495692e-05
3.440000e+03	3.900000e+03	3.880000e-05	6.787311e-06	7.261719e-06
3.900000e+03	4.660000e+03	5.850000e-06	1.435696e-06	1.599744e-06
# END HISTO1D


# BEGIN HISTO1D /REF/ATLAS_2014_I1326641/d09-x01-y01
ConnectBins=0
ErrorBars=1
IsRef=1
Path=/REF/ATLAS_2014_I1326641/d09-x01-y01
PolyMarker=*
Title=Data
# xlow	 xhigh	 val	 errminus	 errplus
7.600000e+02	8.400000e+02	3.480000e+00	4.567063e-01	4.395102e-01
8.400000e+02	9.400000e+02	3.615000e+00	4.689824e-01	4.767600e-01
9.400000e+02	1.040000e+03	2.870000e+00	3.759824e-01	3.952055e-01
1.040000e+03	1.140000e+03	2.045000e+00	2.746108e-01	2.919171e-01
1.140000e+03	1.260000e+03	1.250000e+00	1.712741e-01	1.838070e-01
1.260000e+03	1.380000e+03	6.700000e-01	9.324455e-02	1.004376e-01
1.380000e+03	1.520000e+03	3.640000e-01	5.131303e-02	5.494673e-02
1.520000e+03	1.660000e+03	1.905000e-01	2.715231e-02	2.862917e-02
1.660000e+03	1.800000e+03	1.095000e-01	1.576445e-02	1.629852e-02
1.800000e+03	1.940000e+03	5.500000e-02	7.969826e-03	8.120837e-03
1.940000e+03	2.100000e+03	3.000000e-02	4.358406e-03	4.423601e-03
2.100000e+03	2.260000e+03	1.575000e-02	2.300229e-03	2.350918e-03
2.260000e+03	2.420000e+03	8.700000e-03	1.282923e-03	1.325730e-03
2.420000e+03	2.580000e+03	4.275000e-03	6.373949e-04	6.651625e-04
2.580000e+03	2.760000e+03	2.200000e-03	3.323356e-04	3.503769e-04
2.760000e+03	2.940000e+03	1.120000e-03	1.722197e-04	1.831760e-04
2.940000e+03	3.120000e+03	5.450000e-04	8.556014e-05	9.144660e-05
3.120000e+03	3.440000e+03	2.005000e-04	3.264509e-05	3.495692e-05
3.440000e+03	3.900000e+03	3.880000e-05	6.787311e-06	7.261719e-06
3.900000e+03	4.660000e+03	5.850000e-06	1.435696e-06	1.599744e-06
# END HISTO1D


# BEGIN HISTO1D /ctest/mY_1600_mX_1100/mY_1600_mX_1100.yoda/ATLAS_2014_I1326641/d09-x01-y01
LineColor=red
Path=/ctest/mY_1600_mX_1100/mY_1600_mX_1100.yoda/ATLAS_2014_I1326641/d09-x01-y01
Title=[12]  0.00
# xlow	 xhigh	 val	 errminus	 errplus
7.600000e+02	8.400000e+02	3.480005e+00	4.567086e-01	4.395125e-01
8.400000e+02	9.400000e+02	3.615013e+00	4.689857e-01	4.767633e-01
9.400000e+02	1.040000e+03	2.870022e+00	3.759867e-01	3.952098e-01
1.040000e+03	1.140000e+03	2.045022e+00	2.746151e-01	2.919214e-01
1.140000e+03	1.260000e+03	1.250046e+00	1.712797e-01	1.838126e-01
1.260000e+03	1.380000e+03	6.700389e-01	9.324970e-02	1.004428e-01
1.380000e+03	1.520000e+03	3.640696e-01	5.131941e-02	5.495311e-02
1.520000e+03	1.660000e+03	1.906088e-01	2.716028e-02	2.863714e-02
1.660000e+03	1.800000e+03	1.095661e-01	1.577067e-02	1.630474e-02
1.800000e+03	1.940000e+03	5.503509e-02	7.974355e-03	8.125366e-03
1.940000e+03	2.100000e+03	3.002302e-02	4.361838e-03	4.427033e-03
2.100000e+03	2.260000e+03	1.576381e-02	2.302888e-03	2.353577e-03
2.260000e+03	2.420000e+03	8.704605e-03	1.284458e-03	1.327265e-03
2.420000e+03	2.580000e+03	4.278070e-03	6.386482e-04	6.664158e-04
2.580000e+03	2.760000e+03	2.200910e-03	3.329788e-04	3.510201e-04
2.760000e+03	2.940000e+03	1.120000e-03	1.722197e-04	1.831760e-04
2.940000e+03	3.120000e+03	5.454548e-04	8.601495e-05	9.190141e-05
3.120000e+03	3.440000e+03	2.005000e-04	3.264509e-05	3.495692e-05
3.440000e+03	3.900000e+03	3.880000e-05	6.787311e-06	7.261719e-06
3.900000e+03	4.660000e+03	5.850000e-06	1.435696e-06	1.599744e-06
# END HISTO1D

