# BEGIN PLOT
DrawOnly=/REF/ATLAS_2014_I1325553/d01-x01-y01 /ctest/mY_600_mX_100/mY_600_mX_100.yoda/ATLAS_2014_I1325553/d01-x01-y01 /THY/ATLAS_2014_I1325553/d01-x01-y01
Title=$|y| < 0.5$, $R = 0.4$
RatioPlotReference=/REF/ATLAS_2014_I1325553/d01-x01-y01
RatioPlot=1
LogX=1
LogY=1
XLabel=$p_\text{T}$ [GeV]
MainPlot=1
YLabel=$\text{d}^2\sigma / \text{d}p_\text{T}\text{d}y$ [pb/GeV]
Legend=1
RatioPlotYMin=1
# END PLOT

# BEGIN HISTO1D /REF/ATLAS_2014_I1325553/d01-x01-y01
IsRef=1
LineColor=green
Path=/REF/ATLAS_2014_I1325553/d01-x01-y01
Title=~
# xlow	 xhigh	 val	 errminus	 errplus
1.000000e+02	1.160000e+02	4.230000e+03	3.321886e+02	3.397512e+02
1.160000e+02	1.340000e+02	2.020000e+03	1.502860e+02	1.491549e+02
1.340000e+02	1.520000e+02	9.880000e+02	7.030847e+01	6.916769e+01
1.520000e+02	1.720000e+02	5.020000e+02	3.426215e+01	3.389983e+01
1.720000e+02	1.940000e+02	2.580000e+02	1.678565e+01	1.688056e+01
1.940000e+02	2.160000e+02	1.370000e+02	8.778066e+00	8.820726e+00
2.160000e+02	2.400000e+02	7.550000e+01	4.582197e+00	4.623067e+00
2.400000e+02	2.640000e+02	4.280000e+01	2.497573e+00	2.545881e+00
2.640000e+02	2.900000e+02	2.470000e+01	1.416247e+00	1.446931e+00
2.900000e+02	3.180000e+02	1.440000e+01	8.364405e-01	8.274677e-01
3.180000e+02	3.460000e+02	8.400000e+00	4.856043e-01	4.737630e-01
3.460000e+02	3.760000e+02	5.140000e+00	2.839588e-01	2.879776e-01
3.760000e+02	4.080000e+02	3.110000e+00	1.673816e-01	1.764946e-01
4.080000e+02	4.420000e+02	1.890000e+00	9.864297e-02	1.066973e-01
4.420000e+02	4.780000e+02	1.130000e+00	5.894453e-02	6.032560e-02
4.780000e+02	5.160000e+02	6.830000e-01	3.589625e-02	3.646996e-02
5.160000e+02	5.560000e+02	4.190000e-01	2.244217e-02	2.296414e-02
5.560000e+02	5.980000e+02	2.530000e-01	1.438787e-02	1.460424e-02
5.980000e+02	6.420000e+02	1.550000e-01	9.502511e-03	9.477195e-03
6.420000e+02	6.880000e+02	9.480000e-02	6.252209e-03	6.364046e-03
6.880000e+02	7.360000e+02	5.800000e-02	4.202199e-03	4.249168e-03
7.360000e+02	7.860000e+02	3.610000e-02	2.771953e-03	2.803973e-03
7.860000e+02	8.380000e+02	2.220000e-02	1.847942e-03	1.892607e-03
8.380000e+02	8.940000e+02	1.310000e-02	1.180164e-03	1.200063e-03
8.940000e+02	9.520000e+02	7.940000e-03	7.539238e-04	7.842936e-04
9.520000e+02	1.012000e+03	4.980000e-03	5.135440e-04	5.226865e-04
1.012000e+03	1.076000e+03	2.970000e-03	3.351629e-04	3.410719e-04
1.076000e+03	1.162000e+03	1.670000e-03	1.934102e-04	2.024836e-04
1.162000e+03	1.310000e+03	7.000000e-04	9.309737e-05	9.453370e-05
1.310000e+03	1.530000e+03	1.550000e-04	3.567964e-05	3.440127e-05
1.530000e+03	1.992000e+03	1.170000e-05	5.461419e-06	6.236451e-06
# END HISTO1D


# BEGIN HISTO1D /REF/ATLAS_2014_I1325553/d01-x01-y01
ConnectBins=0
ErrorBars=1
IsRef=1
Path=/REF/ATLAS_2014_I1325553/d01-x01-y01
PolyMarker=*
Title=Data
# xlow	 xhigh	 val	 errminus	 errplus
1.000000e+02	1.160000e+02	4.230000e+03	3.321886e+02	3.397512e+02
1.160000e+02	1.340000e+02	2.020000e+03	1.502860e+02	1.491549e+02
1.340000e+02	1.520000e+02	9.880000e+02	7.030847e+01	6.916769e+01
1.520000e+02	1.720000e+02	5.020000e+02	3.426215e+01	3.389983e+01
1.720000e+02	1.940000e+02	2.580000e+02	1.678565e+01	1.688056e+01
1.940000e+02	2.160000e+02	1.370000e+02	8.778066e+00	8.820726e+00
2.160000e+02	2.400000e+02	7.550000e+01	4.582197e+00	4.623067e+00
2.400000e+02	2.640000e+02	4.280000e+01	2.497573e+00	2.545881e+00
2.640000e+02	2.900000e+02	2.470000e+01	1.416247e+00	1.446931e+00
2.900000e+02	3.180000e+02	1.440000e+01	8.364405e-01	8.274677e-01
3.180000e+02	3.460000e+02	8.400000e+00	4.856043e-01	4.737630e-01
3.460000e+02	3.760000e+02	5.140000e+00	2.839588e-01	2.879776e-01
3.760000e+02	4.080000e+02	3.110000e+00	1.673816e-01	1.764946e-01
4.080000e+02	4.420000e+02	1.890000e+00	9.864297e-02	1.066973e-01
4.420000e+02	4.780000e+02	1.130000e+00	5.894453e-02	6.032560e-02
4.780000e+02	5.160000e+02	6.830000e-01	3.589625e-02	3.646996e-02
5.160000e+02	5.560000e+02	4.190000e-01	2.244217e-02	2.296414e-02
5.560000e+02	5.980000e+02	2.530000e-01	1.438787e-02	1.460424e-02
5.980000e+02	6.420000e+02	1.550000e-01	9.502511e-03	9.477195e-03
6.420000e+02	6.880000e+02	9.480000e-02	6.252209e-03	6.364046e-03
6.880000e+02	7.360000e+02	5.800000e-02	4.202199e-03	4.249168e-03
7.360000e+02	7.860000e+02	3.610000e-02	2.771953e-03	2.803973e-03
7.860000e+02	8.380000e+02	2.220000e-02	1.847942e-03	1.892607e-03
8.380000e+02	8.940000e+02	1.310000e-02	1.180164e-03	1.200063e-03
8.940000e+02	9.520000e+02	7.940000e-03	7.539238e-04	7.842936e-04
9.520000e+02	1.012000e+03	4.980000e-03	5.135440e-04	5.226865e-04
1.012000e+03	1.076000e+03	2.970000e-03	3.351629e-04	3.410719e-04
1.076000e+03	1.162000e+03	1.670000e-03	1.934102e-04	2.024836e-04
1.162000e+03	1.310000e+03	7.000000e-04	9.309737e-05	9.453370e-05
1.310000e+03	1.530000e+03	1.550000e-04	3.567964e-05	3.440127e-05
1.530000e+03	1.992000e+03	1.170000e-05	5.461419e-06	6.236451e-06
# END HISTO1D


# BEGIN HISTO1D /ctest/mY_600_mX_100/mY_600_mX_100.yoda/ATLAS_2014_I1325553/d01-x01-y01
LineColor=red
Path=/ctest/mY_600_mX_100/mY_600_mX_100.yoda/ATLAS_2014_I1325553/d01-x01-y01
Title=[9]  0.25
# xlow	 xhigh	 val	 errminus	 errplus
1.000000e+02	1.160000e+02	4.230620e+03	3.322145e+02	3.397771e+02
1.160000e+02	1.340000e+02	2.020527e+03	1.503085e+02	1.491774e+02
1.340000e+02	1.520000e+02	9.885110e+02	7.033065e+01	6.918987e+01
1.520000e+02	1.720000e+02	5.025024e+02	3.428301e+01	3.392069e+01
1.720000e+02	1.940000e+02	2.584717e+02	1.680492e+01	1.689983e+01
1.940000e+02	2.160000e+02	1.374953e+02	8.797814e+00	8.840474e+00
2.160000e+02	2.400000e+02	7.599731e+01	4.601143e+00	4.642013e+00
2.400000e+02	2.640000e+02	4.327205e+01	2.516032e+00	2.564340e+00
2.640000e+02	2.900000e+02	2.516239e+01	1.433799e+00	1.464483e+00
2.900000e+02	3.180000e+02	1.466232e+01	8.491797e-01	8.402069e-01
3.180000e+02	3.460000e+02	8.510124e+00	4.938584e-01	4.820171e-01
3.460000e+02	3.760000e+02	5.169449e+00	2.880825e-01	2.921013e-01
3.760000e+02	4.080000e+02	3.127323e+00	1.704439e-01	1.795569e-01
4.080000e+02	4.420000e+02	1.903756e+00	1.012904e-01	1.093447e-01
4.420000e+02	4.780000e+02	1.135293e+00	6.054046e-02	6.192153e-02
4.780000e+02	5.160000e+02	6.848235e-01	3.680798e-02	3.738169e-02
5.160000e+02	5.560000e+02	4.207323e-01	2.330831e-02	2.383028e-02
5.560000e+02	5.980000e+02	2.546498e-01	1.521277e-02	1.542914e-02
5.980000e+02	6.420000e+02	1.553937e-01	9.896212e-03	9.870896e-03
6.420000e+02	6.880000e+02	9.480000e-02	6.252209e-03	6.364046e-03
6.880000e+02	7.360000e+02	5.800000e-02	4.202199e-03	4.249168e-03
7.360000e+02	7.860000e+02	3.610000e-02	2.771953e-03	2.803973e-03
7.860000e+02	8.380000e+02	2.220000e-02	1.847942e-03	1.892607e-03
8.380000e+02	8.940000e+02	1.310000e-02	1.180164e-03	1.200063e-03
8.940000e+02	9.520000e+02	7.940000e-03	7.539238e-04	7.842936e-04
9.520000e+02	1.012000e+03	4.980000e-03	5.135440e-04	5.226865e-04
1.012000e+03	1.076000e+03	2.970000e-03	3.351629e-04	3.410719e-04
1.076000e+03	1.162000e+03	1.670000e-03	1.934102e-04	2.024836e-04
1.162000e+03	1.310000e+03	7.000000e-04	9.309737e-05	9.453370e-05
1.310000e+03	1.530000e+03	1.550000e-04	3.567964e-05	3.440127e-05
1.530000e+03	1.992000e+03	1.170000e-05	5.461419e-06	6.236451e-06
# END HISTO1D

