# BEGIN PLOT
DrawOnly=/REF/ATLAS_2014_I1325553/d01-x01-y04 /ctest/mY_1100_mX_1100/mY_1100_mX_1100.yoda/ATLAS_2014_I1325553/d01-x01-y04 /THY/ATLAS_2014_I1325553/d01-x01-y04
Title=$1.5 < |y| < 2.0$, $R = 0.4$
RatioPlotReference=/REF/ATLAS_2014_I1325553/d01-x01-y04
RatioPlot=1
LogX=1
LogY=1
XLabel=$p_\text{T}$ [GeV]
MainPlot=1
YLabel=$\text{d}^2\sigma / \text{d}p_\text{T}\text{d}y$ [pb/GeV]
Legend=1
RatioPlotYMin=1
# END PLOT

# BEGIN HISTO1D /REF/ATLAS_2014_I1325553/d01-x01-y04
IsRef=1
LineColor=green
Path=/REF/ATLAS_2014_I1325553/d01-x01-y04
Title=~
# xlow	 xhigh	 val	 errminus	 errplus
1.000000e+02	1.160000e+02	2.540000e+03	2.980255e+02	3.425235e+02
1.160000e+02	1.340000e+02	1.160000e+03	1.346999e+02	1.547981e+02
1.340000e+02	1.520000e+02	5.520000e+02	6.502597e+01	7.147707e+01
1.520000e+02	1.720000e+02	2.750000e+02	3.285761e+01	3.699849e+01
1.720000e+02	1.940000e+02	1.370000e+02	1.653928e+01	1.812518e+01
1.940000e+02	2.160000e+02	6.810000e+01	8.167459e+00	8.862163e+00
2.160000e+02	2.400000e+02	3.560000e+01	4.220581e+00	4.569637e+00
2.400000e+02	2.640000e+02	1.900000e+01	2.253083e+00	2.437412e+00
2.640000e+02	2.900000e+02	1.010000e+01	1.184416e+00	1.295362e+00
2.900000e+02	3.180000e+02	5.300000e+00	6.197602e-01	6.811273e-01
3.180000e+02	3.460000e+02	2.910000e+00	3.397604e-01	3.488846e-01
3.460000e+02	3.760000e+02	1.630000e+00	1.854407e-01	1.918905e-01
3.760000e+02	4.080000e+02	8.630000e-01	9.822764e-02	1.024438e-01
4.080000e+02	4.420000e+02	4.520000e-01	5.198597e-02	5.393032e-02
4.420000e+02	4.780000e+02	2.320000e-01	2.622114e-02	2.762068e-02
4.780000e+02	5.160000e+02	1.160000e-01	1.302866e-02	1.415052e-02
5.160000e+02	5.560000e+02	5.800000e-02	6.769870e-03	7.297866e-03
5.560000e+02	5.980000e+02	2.680000e-02	3.337434e-03	3.574762e-03
5.980000e+02	6.420000e+02	1.240000e-02	1.659841e-03	1.798641e-03
6.420000e+02	6.880000e+02	5.530000e-03	7.890091e-04	8.350666e-04
6.880000e+02	7.360000e+02	2.340000e-03	3.613387e-04	3.821944e-04
7.360000e+02	8.940000e+02	4.500000e-04	8.636953e-05	8.686982e-05
8.940000e+02	1.992000e+03	2.800000e-06	1.133592e-06	1.220309e-06
# END HISTO1D


# BEGIN HISTO1D /REF/ATLAS_2014_I1325553/d01-x01-y04
ConnectBins=0
ErrorBars=1
IsRef=1
Path=/REF/ATLAS_2014_I1325553/d01-x01-y04
PolyMarker=*
Title=Data
# xlow	 xhigh	 val	 errminus	 errplus
1.000000e+02	1.160000e+02	2.540000e+03	2.980255e+02	3.425235e+02
1.160000e+02	1.340000e+02	1.160000e+03	1.346999e+02	1.547981e+02
1.340000e+02	1.520000e+02	5.520000e+02	6.502597e+01	7.147707e+01
1.520000e+02	1.720000e+02	2.750000e+02	3.285761e+01	3.699849e+01
1.720000e+02	1.940000e+02	1.370000e+02	1.653928e+01	1.812518e+01
1.940000e+02	2.160000e+02	6.810000e+01	8.167459e+00	8.862163e+00
2.160000e+02	2.400000e+02	3.560000e+01	4.220581e+00	4.569637e+00
2.400000e+02	2.640000e+02	1.900000e+01	2.253083e+00	2.437412e+00
2.640000e+02	2.900000e+02	1.010000e+01	1.184416e+00	1.295362e+00
2.900000e+02	3.180000e+02	5.300000e+00	6.197602e-01	6.811273e-01
3.180000e+02	3.460000e+02	2.910000e+00	3.397604e-01	3.488846e-01
3.460000e+02	3.760000e+02	1.630000e+00	1.854407e-01	1.918905e-01
3.760000e+02	4.080000e+02	8.630000e-01	9.822764e-02	1.024438e-01
4.080000e+02	4.420000e+02	4.520000e-01	5.198597e-02	5.393032e-02
4.420000e+02	4.780000e+02	2.320000e-01	2.622114e-02	2.762068e-02
4.780000e+02	5.160000e+02	1.160000e-01	1.302866e-02	1.415052e-02
5.160000e+02	5.560000e+02	5.800000e-02	6.769870e-03	7.297866e-03
5.560000e+02	5.980000e+02	2.680000e-02	3.337434e-03	3.574762e-03
5.980000e+02	6.420000e+02	1.240000e-02	1.659841e-03	1.798641e-03
6.420000e+02	6.880000e+02	5.530000e-03	7.890091e-04	8.350666e-04
6.880000e+02	7.360000e+02	2.340000e-03	3.613387e-04	3.821944e-04
7.360000e+02	8.940000e+02	4.500000e-04	8.636953e-05	8.686982e-05
8.940000e+02	1.992000e+03	2.800000e-06	1.133592e-06	1.220309e-06
# END HISTO1D


# BEGIN HISTO1D /ctest/mY_1100_mX_1100/mY_1100_mX_1100.yoda/ATLAS_2014_I1325553/d01-x01-y04
LineColor=red
Path=/ctest/mY_1100_mX_1100/mY_1100_mX_1100.yoda/ATLAS_2014_I1325553/d01-x01-y04
Title=[16]  0.14
# xlow	 xhigh	 val	 errminus	 errplus
1.000000e+02	1.160000e+02	2.540023e+03	2.980268e+02	3.425248e+02
1.160000e+02	1.340000e+02	1.160021e+03	1.347011e+02	1.547993e+02
1.340000e+02	1.520000e+02	5.520164e+02	6.502703e+01	7.147813e+01
1.520000e+02	1.720000e+02	2.750153e+02	3.285858e+01	3.699946e+01
1.720000e+02	1.940000e+02	1.370154e+02	1.654021e+01	1.812611e+01
1.940000e+02	2.160000e+02	6.811373e+01	8.168338e+00	8.863042e+00
2.160000e+02	2.400000e+02	3.561408e+01	4.221433e+00	4.570489e+00
2.400000e+02	2.640000e+02	1.901222e+01	2.253877e+00	2.438206e+00
2.640000e+02	2.900000e+02	1.010990e+01	1.185103e+00	1.296049e+00
2.900000e+02	3.180000e+02	5.308885e+00	6.203869e-01	6.817540e-01
3.180000e+02	3.460000e+02	2.919636e+00	3.404130e-01	3.495372e-01
3.460000e+02	3.760000e+02	1.637838e+00	1.860094e-01	1.924592e-01
3.760000e+02	4.080000e+02	8.698458e-01	9.874220e-02	1.029584e-01
4.080000e+02	4.420000e+02	4.568414e-01	5.240577e-02	5.435012e-02
4.420000e+02	4.780000e+02	2.363318e-01	2.660705e-02	2.800659e-02
4.780000e+02	5.160000e+02	1.185079e-01	1.331446e-02	1.443632e-02
5.160000e+02	5.560000e+02	5.899013e-02	6.944901e-03	7.472897e-03
5.560000e+02	5.980000e+02	2.706521e-02	3.425838e-03	3.663166e-03
5.980000e+02	6.420000e+02	1.248439e-02	1.708561e-03	1.847361e-03
6.420000e+02	6.880000e+02	5.530000e-03	7.890091e-04	8.350666e-04
6.880000e+02	7.360000e+02	2.340000e-03	3.613387e-04	3.821944e-04
7.360000e+02	8.940000e+02	4.578333e-04	9.420280e-05	9.470309e-05
8.940000e+02	1.992000e+03	2.800000e-06	1.133592e-06	1.220309e-06
# END HISTO1D

