# BEGIN PLOT
XTwosidedTicks=1
DrawOnly=/REF/ATLAS_2014_I1326641/d06-x01-y01 /mY_100_mX_100.yoda/ATLAS_2014_I1326641/d06-x01-y01 /THY/ATLAS_2014_I1326641/d06-x01-y01
Title=anti-$k_\text{t}$ $R=0.6$, $\left|Y^\ast\right| < 2$
RatioPlotReference=/REF/ATLAS_2014_I1326641/d06-x01-y01
RatioPlot=1
LogY=1
XLabel=$m_{jjj}$ [GeV]
MainPlot=1
YLabel=$\text{d}^2\sigma / \text{d}m_{jjj} / \text{d}\left|Y^\ast\right|$ [pb/GeV]
YTwosidedTicks=1
Legend=1
RatioPlotYMin=1
# END PLOT

# BEGIN HISTO1D /REF/ATLAS_2014_I1326641/d06-x01-y01
IsRef=1
LineColor=green
Path=/REF/ATLAS_2014_I1326641/d06-x01-y01
Title=~
# xlow	 xhigh	 val	 errminus	 errplus
3.800000e+02	4.200000e+02	1.040000e+01	1.170086e+00	1.169568e+00
4.200000e+02	4.600000e+02	7.500000e+00	8.133590e-01	8.236701e-01
4.600000e+02	5.000000e+02	5.050000e+00	5.298307e-01	5.402879e-01
5.000000e+02	5.400000e+02	3.220000e+00	3.257674e-01	3.361925e-01
5.400000e+02	6.000000e+02	1.995000e+00	1.927047e-01	2.010966e-01
6.000000e+02	6.600000e+02	1.100000e+00	1.010656e-01	1.060945e-01
6.600000e+02	7.200000e+02	6.750000e-01	5.957211e-02	6.229365e-02
7.200000e+02	7.800000e+02	4.135000e-01	3.530430e-02	3.660629e-02
7.800000e+02	8.600000e+02	2.415000e-01	1.991068e-02	2.041402e-02
8.600000e+02	9.400000e+02	1.390000e-01	1.105286e-02	1.123531e-02
9.400000e+02	1.020000e+03	8.100000e-02	6.214342e-03	6.302190e-03
1.020000e+03	1.120000e+03	4.655000e-02	3.437635e-03	3.507983e-03
1.120000e+03	1.220000e+03	2.560000e-02	1.835722e-03	1.890048e-03
1.220000e+03	1.340000e+03	1.385000e-02	9.749338e-04	1.014486e-03
1.340000e+03	1.460000e+03	7.500000e-03	5.287128e-04	5.545397e-04
1.460000e+03	1.600000e+03	3.815000e-03	2.759506e-04	2.909342e-04
1.600000e+03	1.760000e+03	1.865000e-03	1.429773e-04	1.510344e-04
1.760000e+03	1.940000e+03	9.500000e-04	7.936373e-05	8.342093e-05
1.940000e+03	2.140000e+03	4.405000e-04	4.086140e-05	4.256737e-05
2.140000e+03	2.360000e+03	1.750000e-04	1.820464e-05	1.885499e-05
2.360000e+03	2.600000e+03	6.600000e-05	7.579174e-06	7.921328e-06
2.600000e+03	2.840000e+03	3.300000e-05	4.238762e-06	4.462471e-06
2.840000e+03	3.100000e+03	1.120000e-05	1.806487e-06	1.910962e-06
3.100000e+03	3.900000e+03	2.475000e-06	6.523108e-07	6.939032e-07
# END HISTO1D


# BEGIN HISTO1D /REF/ATLAS_2014_I1326641/d06-x01-y01
ConnectBins=0
ErrorBars=1
IsRef=1
Path=/REF/ATLAS_2014_I1326641/d06-x01-y01
PolyMarker=*
Title=Data
# xlow	 xhigh	 val	 errminus	 errplus
3.800000e+02	4.200000e+02	1.040000e+01	1.170086e+00	1.169568e+00
4.200000e+02	4.600000e+02	7.500000e+00	8.133590e-01	8.236701e-01
4.600000e+02	5.000000e+02	5.050000e+00	5.298307e-01	5.402879e-01
5.000000e+02	5.400000e+02	3.220000e+00	3.257674e-01	3.361925e-01
5.400000e+02	6.000000e+02	1.995000e+00	1.927047e-01	2.010966e-01
6.000000e+02	6.600000e+02	1.100000e+00	1.010656e-01	1.060945e-01
6.600000e+02	7.200000e+02	6.750000e-01	5.957211e-02	6.229365e-02
7.200000e+02	7.800000e+02	4.135000e-01	3.530430e-02	3.660629e-02
7.800000e+02	8.600000e+02	2.415000e-01	1.991068e-02	2.041402e-02
8.600000e+02	9.400000e+02	1.390000e-01	1.105286e-02	1.123531e-02
9.400000e+02	1.020000e+03	8.100000e-02	6.214342e-03	6.302190e-03
1.020000e+03	1.120000e+03	4.655000e-02	3.437635e-03	3.507983e-03
1.120000e+03	1.220000e+03	2.560000e-02	1.835722e-03	1.890048e-03
1.220000e+03	1.340000e+03	1.385000e-02	9.749338e-04	1.014486e-03
1.340000e+03	1.460000e+03	7.500000e-03	5.287128e-04	5.545397e-04
1.460000e+03	1.600000e+03	3.815000e-03	2.759506e-04	2.909342e-04
1.600000e+03	1.760000e+03	1.865000e-03	1.429773e-04	1.510344e-04
1.760000e+03	1.940000e+03	9.500000e-04	7.936373e-05	8.342093e-05
1.940000e+03	2.140000e+03	4.405000e-04	4.086140e-05	4.256737e-05
2.140000e+03	2.360000e+03	1.750000e-04	1.820464e-05	1.885499e-05
2.360000e+03	2.600000e+03	6.600000e-05	7.579174e-06	7.921328e-06
2.600000e+03	2.840000e+03	3.300000e-05	4.238762e-06	4.462471e-06
2.840000e+03	3.100000e+03	1.120000e-05	1.806487e-06	1.910962e-06
3.100000e+03	3.900000e+03	2.475000e-06	6.523108e-07	6.939032e-07
# END HISTO1D


# BEGIN HISTO1D /mY_100_mX_100.yoda/ATLAS_2014_I1326641/d06-x01-y01
LineColor=red
Path=/mY_100_mX_100.yoda/ATLAS_2014_I1326641/d06-x01-y01
Title=[8]  0.55
# xlow	 xhigh	 val	 errminus	 errplus
3.800000e+02	4.200000e+02	1.051888e+01	1.238721e+00	1.238203e+00
4.200000e+02	4.600000e+02	7.539626e+00	8.529855e-01	8.632966e-01
4.600000e+02	5.000000e+02	5.089626e+00	5.694572e-01	5.799144e-01
5.000000e+02	5.400000e+02	3.259626e+00	3.653939e-01	3.758190e-01
5.400000e+02	6.000000e+02	1.995000e+00	1.927047e-01	2.010966e-01
6.000000e+02	6.600000e+02	1.100000e+00	1.010656e-01	1.060945e-01
6.600000e+02	7.200000e+02	6.750000e-01	5.957211e-02	6.229365e-02
7.200000e+02	7.800000e+02	4.663353e-01	7.266449e-02	7.396648e-02
7.800000e+02	8.600000e+02	2.415000e-01	1.991068e-02	2.041402e-02
8.600000e+02	9.400000e+02	1.390000e-01	1.105286e-02	1.123531e-02
9.400000e+02	1.020000e+03	8.100000e-02	6.214342e-03	6.302190e-03
1.020000e+03	1.120000e+03	4.655000e-02	3.437635e-03	3.507983e-03
1.120000e+03	1.220000e+03	2.560000e-02	1.835722e-03	1.890048e-03
1.220000e+03	1.340000e+03	1.385000e-02	9.749338e-04	1.014486e-03
1.340000e+03	1.460000e+03	7.500000e-03	5.287128e-04	5.545397e-04
1.460000e+03	1.600000e+03	3.815000e-03	2.759506e-04	2.909342e-04
1.600000e+03	1.760000e+03	1.865000e-03	1.429773e-04	1.510344e-04
1.760000e+03	1.940000e+03	9.500000e-04	7.936373e-05	8.342093e-05
1.940000e+03	2.140000e+03	4.405000e-04	4.086140e-05	4.256737e-05
2.140000e+03	2.360000e+03	1.750000e-04	1.820464e-05	1.885499e-05
2.360000e+03	2.600000e+03	6.600000e-05	7.579174e-06	7.921328e-06
2.600000e+03	2.840000e+03	3.300000e-05	4.238762e-06	4.462471e-06
2.840000e+03	3.100000e+03	1.120000e-05	1.806487e-06	1.910962e-06
3.100000e+03	3.900000e+03	2.475000e-06	6.523108e-07	6.939032e-07
# END HISTO1D

