# BEGIN PLOT
DrawOnly=/REF/ATLAS_2014_I1325553/d02-x01-y03 /ctest/mY_1100_mX_1600/mY_1100_mX_1600.yoda/ATLAS_2014_I1325553/d02-x01-y03 /THY/ATLAS_2014_I1325553/d02-x01-y03
Title=$1.0 < |y| < 1.5$, $R = 0.6$
RatioPlotReference=/REF/ATLAS_2014_I1325553/d02-x01-y03
RatioPlot=1
LogX=1
LogY=1
XLabel=$p_\text{T}$ [GeV]
MainPlot=1
YLabel=$\text{d}^2\sigma / \text{d}p_\text{T}\text{d}y$ [pb/GeV]
Legend=1
RatioPlotYMin=1
# END PLOT

# BEGIN HISTO1D /REF/ATLAS_2014_I1325553/d02-x01-y03
IsRef=1
LineColor=green
Path=/REF/ATLAS_2014_I1325553/d02-x01-y03
Title=~
# xlow	 xhigh	 val	 errminus	 errplus
1.000000e+02	1.160000e+02	4.200000e+03	5.390091e+02	5.472424e+02
1.160000e+02	1.340000e+02	1.950000e+03	2.248512e+02	2.309989e+02
1.340000e+02	1.520000e+02	9.370000e+02	9.753396e+01	1.014996e+02
1.520000e+02	1.720000e+02	4.640000e+02	4.505065e+01	4.679927e+01
1.720000e+02	1.940000e+02	2.320000e+02	2.141605e+01	2.241082e+01
1.940000e+02	2.160000e+02	1.200000e+02	1.078102e+01	1.104232e+01
2.160000e+02	2.400000e+02	6.360000e+01	5.522224e+00	5.556180e+00
2.400000e+02	2.640000e+02	3.510000e+01	2.924957e+00	2.977556e+00
2.640000e+02	2.900000e+02	1.980000e+01	1.552628e+00	1.621546e+00
2.900000e+02	3.180000e+02	1.120000e+01	8.492082e-01	8.955099e-01
3.180000e+02	3.460000e+02	6.370000e+00	4.698280e-01	4.938291e-01
3.460000e+02	3.760000e+02	3.710000e+00	2.655552e-01	2.752770e-01
3.760000e+02	4.080000e+02	2.150000e+00	1.508902e-01	1.557146e-01
4.080000e+02	4.420000e+02	1.230000e+00	8.377519e-02	8.380227e-02
4.420000e+02	4.780000e+02	7.130000e-01	4.695250e-02	4.927697e-02
4.780000e+02	5.160000e+02	4.060000e-01	2.700483e-02	2.841756e-02
5.160000e+02	5.560000e+02	2.290000e-01	1.616858e-02	1.692756e-02
5.560000e+02	5.980000e+02	1.290000e-01	9.497554e-03	1.007155e-02
5.980000e+02	6.420000e+02	7.170000e-02	5.786154e-03	5.895297e-03
6.420000e+02	6.880000e+02	3.900000e-02	3.479753e-03	3.485649e-03
6.880000e+02	7.360000e+02	2.130000e-02	2.081414e-03	2.121677e-03
7.360000e+02	7.860000e+02	1.170000e-02	1.270730e-03	1.284711e-03
7.860000e+02	8.380000e+02	5.960000e-03	7.091398e-04	7.106910e-04
8.380000e+02	8.940000e+02	3.050000e-03	3.945833e-04	4.040070e-04
8.940000e+02	1.012000e+03	1.060000e-03	1.514094e-04	1.585896e-04
1.012000e+03	1.992000e+03	3.590000e-05	7.630418e-06	7.558890e-06
# END HISTO1D


# BEGIN HISTO1D /REF/ATLAS_2014_I1325553/d02-x01-y03
ConnectBins=0
ErrorBars=1
IsRef=1
Path=/REF/ATLAS_2014_I1325553/d02-x01-y03
PolyMarker=*
Title=Data
# xlow	 xhigh	 val	 errminus	 errplus
1.000000e+02	1.160000e+02	4.200000e+03	5.390091e+02	5.472424e+02
1.160000e+02	1.340000e+02	1.950000e+03	2.248512e+02	2.309989e+02
1.340000e+02	1.520000e+02	9.370000e+02	9.753396e+01	1.014996e+02
1.520000e+02	1.720000e+02	4.640000e+02	4.505065e+01	4.679927e+01
1.720000e+02	1.940000e+02	2.320000e+02	2.141605e+01	2.241082e+01
1.940000e+02	2.160000e+02	1.200000e+02	1.078102e+01	1.104232e+01
2.160000e+02	2.400000e+02	6.360000e+01	5.522224e+00	5.556180e+00
2.400000e+02	2.640000e+02	3.510000e+01	2.924957e+00	2.977556e+00
2.640000e+02	2.900000e+02	1.980000e+01	1.552628e+00	1.621546e+00
2.900000e+02	3.180000e+02	1.120000e+01	8.492082e-01	8.955099e-01
3.180000e+02	3.460000e+02	6.370000e+00	4.698280e-01	4.938291e-01
3.460000e+02	3.760000e+02	3.710000e+00	2.655552e-01	2.752770e-01
3.760000e+02	4.080000e+02	2.150000e+00	1.508902e-01	1.557146e-01
4.080000e+02	4.420000e+02	1.230000e+00	8.377519e-02	8.380227e-02
4.420000e+02	4.780000e+02	7.130000e-01	4.695250e-02	4.927697e-02
4.780000e+02	5.160000e+02	4.060000e-01	2.700483e-02	2.841756e-02
5.160000e+02	5.560000e+02	2.290000e-01	1.616858e-02	1.692756e-02
5.560000e+02	5.980000e+02	1.290000e-01	9.497554e-03	1.007155e-02
5.980000e+02	6.420000e+02	7.170000e-02	5.786154e-03	5.895297e-03
6.420000e+02	6.880000e+02	3.900000e-02	3.479753e-03	3.485649e-03
6.880000e+02	7.360000e+02	2.130000e-02	2.081414e-03	2.121677e-03
7.360000e+02	7.860000e+02	1.170000e-02	1.270730e-03	1.284711e-03
7.860000e+02	8.380000e+02	5.960000e-03	7.091398e-04	7.106910e-04
8.380000e+02	8.940000e+02	3.050000e-03	3.945833e-04	4.040070e-04
8.940000e+02	1.012000e+03	1.060000e-03	1.514094e-04	1.585896e-04
1.012000e+03	1.992000e+03	3.590000e-05	7.630418e-06	7.558890e-06
# END HISTO1D


# BEGIN HISTO1D /ctest/mY_1100_mX_1600/mY_1100_mX_1600.yoda/ATLAS_2014_I1325553/d02-x01-y03
LineColor=red
Path=/ctest/mY_1100_mX_1600/mY_1100_mX_1600.yoda/ATLAS_2014_I1325553/d02-x01-y03
Title=[17]  0.44
# xlow	 xhigh	 val	 errminus	 errplus
1.000000e+02	1.160000e+02	4.200029e+03	5.390106e+02	5.472439e+02
1.160000e+02	1.340000e+02	1.950025e+03	2.248525e+02	2.310002e+02
1.340000e+02	1.520000e+02	9.370264e+02	9.753531e+01	1.015009e+02
1.520000e+02	1.720000e+02	4.640204e+02	4.505178e+01	4.680040e+01
1.720000e+02	1.940000e+02	2.320199e+02	2.141711e+01	2.241188e+01
1.940000e+02	2.160000e+02	1.200190e+02	1.078205e+01	1.104335e+01
2.160000e+02	2.400000e+02	6.361776e+01	5.523182e+00	5.557138e+00
2.400000e+02	2.640000e+02	3.511745e+01	2.925906e+00	2.978505e+00
2.640000e+02	2.900000e+02	1.981820e+01	1.553559e+00	1.622477e+00
2.900000e+02	3.180000e+02	1.121571e+01	8.500419e-01	8.963436e-01
3.180000e+02	3.460000e+02	6.385621e+00	4.706594e-01	4.946605e-01
3.460000e+02	3.760000e+02	3.728255e+00	2.664235e-01	2.761453e-01
3.760000e+02	4.080000e+02	2.164171e+00	1.516309e-01	1.564553e-01
4.080000e+02	4.420000e+02	1.245852e+00	8.453524e-02	8.456232e-02
4.420000e+02	4.780000e+02	7.286254e-01	4.768584e-02	5.001031e-02
4.780000e+02	5.160000e+02	4.203466e-01	2.768878e-02	2.910151e-02
5.160000e+02	5.560000e+02	2.389122e-01	1.672269e-02	1.748167e-02
5.560000e+02	5.980000e+02	1.315960e-01	9.774293e-03	1.034829e-02
5.980000e+02	6.420000e+02	7.274190e-02	5.957442e-03	6.066585e-03
6.420000e+02	6.880000e+02	3.932322e-02	3.573059e-03	3.578955e-03
6.880000e+02	7.360000e+02	2.140325e-02	2.133040e-03	2.173303e-03
7.360000e+02	7.860000e+02	1.172478e-02	1.295510e-03	1.309491e-03
7.860000e+02	8.380000e+02	6.007655e-03	7.428368e-04	7.443880e-04
8.380000e+02	8.940000e+02	3.050000e-03	3.945833e-04	4.040070e-04
8.940000e+02	1.012000e+03	1.060000e-03	1.514094e-04	1.585896e-04
1.012000e+03	1.992000e+03	3.590000e-05	7.630418e-06	7.558890e-06
# END HISTO1D

