# BEGIN PLOT
XTwosidedTicks=1
DrawOnly=/REF/ATLAS_2014_I1319490_EL/d26-x01-y02 /LHC.yoda/ATLAS_2014_I1319490_EL/d26-x01-y02 /THY/ATLAS_2014_I1319490_EL/d26-x01-y02
Title=electron channel, dressed level
RatioPlotReference=/REF/ATLAS_2014_I1319490_EL/d26-x01-y02
RatioPlot=1
LogY=1
LegendXPos=0.1
XLabel=$m_{12}$ [GeV]
MainPlot=1
YLabel=$\text{d}\sigma_{W + \geq 2j} / \text{d}m_{12}$
YTwosidedTicks=1
LegendYPos=0.3
Legend=1
RatioPlotYMin=1
LeftMargin=1.5
# END PLOT

# BEGIN HISTO1D /REF/ATLAS_2014_I1319490_EL/d26-x01-y02
IsRef=1
LineColor=green
Path=/REF/ATLAS_2014_I1319490_EL/d26-x01-y02
Title=~
# xlow	 xhigh	 val	 errminus	 errplus
0.000000e+00	2.500000e+01	1.017000e-02	2.008831e-03	2.008831e-03
2.500000e+01	5.000000e+01	1.618000e-01	2.914395e-02	2.914395e-02
5.000000e+01	7.500000e+01	3.253000e-01	4.012356e-02	4.012356e-02
7.500000e+01	1.000000e+02	6.374000e-01	6.812026e-02	6.812026e-02
1.000000e+02	1.200000e+02	6.040000e-01	5.863395e-02	5.863395e-02
1.200000e+02	1.500000e+02	4.712000e-01	4.447617e-02	4.447617e-02
1.500000e+02	1.800000e+02	3.686000e-01	3.551310e-02	3.551310e-02
1.800000e+02	2.000000e+02	2.868000e-01	2.765683e-02	2.765683e-02
2.000000e+02	2.200000e+02	2.224000e-01	2.023833e-02	2.023833e-02
2.200000e+02	2.500000e+02	1.747000e-01	1.679196e-02	1.679196e-02
2.500000e+02	2.800000e+02	1.405000e-01	1.415874e-02	1.415874e-02
2.800000e+02	3.000000e+02	1.123000e-01	1.190084e-02	1.190084e-02
3.000000e+02	3.200000e+02	9.127000e-02	9.921341e-03	9.921341e-03
3.200000e+02	3.500000e+02	7.434000e-02	8.226275e-03	8.226275e-03
3.500000e+02	3.800000e+02	6.162000e-02	7.027055e-03	7.027055e-03
3.800000e+02	4.000000e+02	5.124000e-02	6.111645e-03	6.111645e-03
4.000000e+02	4.500000e+02	3.826000e-02	4.423969e-03	4.423969e-03
4.500000e+02	5.000000e+02	2.782000e-02	3.474939e-03	3.474939e-03
5.000000e+02	5.800000e+02	1.903000e-02	2.722829e-03	2.722829e-03
5.800000e+02	6.800000e+02	1.181000e-02	2.033642e-03	2.033642e-03
6.800000e+02	8.000000e+02	6.392000e-03	1.146993e-03	1.146993e-03
8.000000e+02	1.000000e+03	2.834000e-03	5.270835e-04	5.270835e-04
1.000000e+03	1.200000e+03	1.319000e-03	3.028019e-04	3.028019e-04
1.200000e+03	1.400000e+03	5.965000e-04	1.458204e-04	1.458204e-04
1.400000e+03	1.600000e+03	2.466000e-04	8.628499e-05	8.628499e-05
1.600000e+03	1.800000e+03	1.239000e-04	3.081590e-05	3.081590e-05
1.800000e+03	2.000000e+03	4.648000e-05	3.921258e-05	3.921258e-05
# END HISTO1D


# BEGIN HISTO1D /REF/ATLAS_2014_I1319490_EL/d26-x01-y02
ConnectBins=0
ErrorBars=1
IsRef=1
Path=/REF/ATLAS_2014_I1319490_EL/d26-x01-y02
PolyMarker=*
Title=Data
# xlow	 xhigh	 val	 errminus	 errplus
0.000000e+00	2.500000e+01	1.017000e-02	2.008831e-03	2.008831e-03
2.500000e+01	5.000000e+01	1.618000e-01	2.914395e-02	2.914395e-02
5.000000e+01	7.500000e+01	3.253000e-01	4.012356e-02	4.012356e-02
7.500000e+01	1.000000e+02	6.374000e-01	6.812026e-02	6.812026e-02
1.000000e+02	1.200000e+02	6.040000e-01	5.863395e-02	5.863395e-02
1.200000e+02	1.500000e+02	4.712000e-01	4.447617e-02	4.447617e-02
1.500000e+02	1.800000e+02	3.686000e-01	3.551310e-02	3.551310e-02
1.800000e+02	2.000000e+02	2.868000e-01	2.765683e-02	2.765683e-02
2.000000e+02	2.200000e+02	2.224000e-01	2.023833e-02	2.023833e-02
2.200000e+02	2.500000e+02	1.747000e-01	1.679196e-02	1.679196e-02
2.500000e+02	2.800000e+02	1.405000e-01	1.415874e-02	1.415874e-02
2.800000e+02	3.000000e+02	1.123000e-01	1.190084e-02	1.190084e-02
3.000000e+02	3.200000e+02	9.127000e-02	9.921341e-03	9.921341e-03
3.200000e+02	3.500000e+02	7.434000e-02	8.226275e-03	8.226275e-03
3.500000e+02	3.800000e+02	6.162000e-02	7.027055e-03	7.027055e-03
3.800000e+02	4.000000e+02	5.124000e-02	6.111645e-03	6.111645e-03
4.000000e+02	4.500000e+02	3.826000e-02	4.423969e-03	4.423969e-03
4.500000e+02	5.000000e+02	2.782000e-02	3.474939e-03	3.474939e-03
5.000000e+02	5.800000e+02	1.903000e-02	2.722829e-03	2.722829e-03
5.800000e+02	6.800000e+02	1.181000e-02	2.033642e-03	2.033642e-03
6.800000e+02	8.000000e+02	6.392000e-03	1.146993e-03	1.146993e-03
8.000000e+02	1.000000e+03	2.834000e-03	5.270835e-04	5.270835e-04
1.000000e+03	1.200000e+03	1.319000e-03	3.028019e-04	3.028019e-04
1.200000e+03	1.400000e+03	5.965000e-04	1.458204e-04	1.458204e-04
1.400000e+03	1.600000e+03	2.466000e-04	8.628499e-05	8.628499e-05
1.600000e+03	1.800000e+03	1.239000e-04	3.081590e-05	3.081590e-05
1.800000e+03	2.000000e+03	4.648000e-05	3.921258e-05	3.921258e-05
# END HISTO1D


# BEGIN HISTO1D /LHC.yoda/ATLAS_2014_I1319490_EL/d26-x01-y02
LineColor=red
Path=/LHC.yoda/ATLAS_2014_I1319490_EL/d26-x01-y02
Title=[19]  0.11
# xlow	 xhigh	 val	 errminus	 errplus
0.000000e+00	2.500000e+01	1.017000e-02	2.008831e-03	2.008831e-03
2.500000e+01	5.000000e+01	1.618000e-01	2.914395e-02	2.914395e-02
5.000000e+01	7.500000e+01	3.253000e-01	4.012356e-02	4.012356e-02
7.500000e+01	1.000000e+02	6.386778e-01	6.939808e-02	6.939808e-02
1.000000e+02	1.200000e+02	6.040000e-01	5.863395e-02	5.863395e-02
1.200000e+02	1.500000e+02	4.722649e-01	4.554102e-02	4.554102e-02
1.500000e+02	1.800000e+02	3.686000e-01	3.551310e-02	3.551310e-02
1.800000e+02	2.000000e+02	2.868000e-01	2.765683e-02	2.765683e-02
2.000000e+02	2.200000e+02	2.239973e-01	2.183561e-02	2.183561e-02
2.200000e+02	2.500000e+02	1.747000e-01	1.679196e-02	1.679196e-02
2.500000e+02	2.800000e+02	1.405000e-01	1.415874e-02	1.415874e-02
2.800000e+02	3.000000e+02	1.123000e-01	1.190084e-02	1.190084e-02
3.000000e+02	3.200000e+02	9.127000e-02	9.921341e-03	9.921341e-03
3.200000e+02	3.500000e+02	7.434000e-02	8.226275e-03	8.226275e-03
3.500000e+02	3.800000e+02	6.162000e-02	7.027055e-03	7.027055e-03
3.800000e+02	4.000000e+02	5.124000e-02	6.111645e-03	6.111645e-03
4.000000e+02	4.500000e+02	3.826000e-02	4.423969e-03	4.423969e-03
4.500000e+02	5.000000e+02	2.782000e-02	3.474939e-03	3.474939e-03
5.000000e+02	5.800000e+02	1.942932e-02	3.122149e-03	3.122149e-03
5.800000e+02	6.800000e+02	1.181000e-02	2.033642e-03	2.033642e-03
6.800000e+02	8.000000e+02	6.392000e-03	1.146993e-03	1.146993e-03
8.000000e+02	1.000000e+03	2.834000e-03	5.270835e-04	5.270835e-04
1.000000e+03	1.200000e+03	1.319000e-03	3.028019e-04	3.028019e-04
1.200000e+03	1.400000e+03	5.965000e-04	1.458204e-04	1.458204e-04
1.400000e+03	1.600000e+03	2.466000e-04	8.628499e-05	8.628499e-05
1.600000e+03	1.800000e+03	1.239000e-04	3.081590e-05	3.081590e-05
1.800000e+03	2.000000e+03	4.648000e-05	3.921258e-05	3.921258e-05
# END HISTO1D

