# BEGIN PLOT
XTwosidedTicks=1
DrawOnly=/REF/ATLAS_2014_I1319490_EL/d31-x01-y02 /LHC.yoda/ATLAS_2014_I1319490_EL/d31-x01-y02 /THY/ATLAS_2014_I1319490_EL/d31-x01-y02
Title=electron channel, dressed level
RatioPlotReference=/REF/ATLAS_2014_I1319490_EL/d31-x01-y02
RatioPlot=1
LogY=1
LegendXPos=0.1
XLabel=$S_\text{T}$ [GeV]
MainPlot=1
YLabel=$\text{d}\sigma_{W + \geq 2j} / \text{d}S_\text{T}$
YTwosidedTicks=1
LegendYPos=0.3
Legend=1
RatioPlotYMin=1
LeftMargin=1.5
# END PLOT

# BEGIN HISTO1D /REF/ATLAS_2014_I1319490_EL/d31-x01-y02
IsRef=1
LineColor=green
Path=/REF/ATLAS_2014_I1319490_EL/d31-x01-y02
Title=~
# xlow	 xhigh	 val	 errminus	 errplus
6.000000e+01	7.000000e+01	6.945000e-01	1.019289e-01	1.019289e-01
7.000000e+01	8.000000e+01	1.181000e+00	1.466254e-01	1.466254e-01
8.000000e+01	9.000000e+01	1.148000e+00	1.298345e-01	1.298345e-01
9.000000e+01	1.000000e+02	9.816000e-01	1.091673e-01	1.091673e-01
1.000000e+02	1.100000e+02	8.402000e-01	9.063167e-02	9.063167e-02
1.100000e+02	1.200000e+02	7.265000e-01	7.717584e-02	7.717584e-02
1.200000e+02	1.300000e+02	6.164000e-01	6.485684e-02	6.485684e-02
1.300000e+02	1.400000e+02	5.287000e-01	5.335569e-02	5.335569e-02
1.400000e+02	1.500000e+02	4.456000e-01	4.353780e-02	4.353780e-02
1.500000e+02	1.600000e+02	3.844000e-01	3.703377e-02	3.703377e-02
1.600000e+02	1.700000e+02	3.296000e-01	3.152380e-02	3.152380e-02
1.700000e+02	1.800000e+02	2.844000e-01	2.737718e-02	2.737718e-02
1.800000e+02	1.900000e+02	2.460000e-01	2.417499e-02	2.417499e-02
1.900000e+02	2.000000e+02	2.142000e-01	2.136399e-02	2.136399e-02
2.000000e+02	2.200000e+02	1.711000e-01	1.684488e-02	1.684488e-02
2.200000e+02	2.400000e+02	1.298000e-01	1.275657e-02	1.275657e-02
2.400000e+02	2.600000e+02	1.013000e-01	1.028056e-02	1.028056e-02
2.600000e+02	2.800000e+02	7.757000e-02	8.197597e-03	8.197597e-03
2.800000e+02	3.000000e+02	6.001000e-02	6.205103e-03	6.205103e-03
3.000000e+02	3.200000e+02	4.779000e-02	4.903652e-03	4.903652e-03
3.200000e+02	3.400000e+02	3.807000e-02	4.091039e-03	4.091039e-03
3.400000e+02	3.600000e+02	3.124000e-02	3.416709e-03	3.416709e-03
3.600000e+02	3.800000e+02	2.572000e-02	2.923936e-03	2.923936e-03
3.800000e+02	4.000000e+02	2.090000e-02	2.588397e-03	2.588397e-03
4.000000e+02	4.400000e+02	1.455000e-02	1.863921e-03	1.863921e-03
4.400000e+02	5.000000e+02	9.318000e-03	1.117881e-03	1.117881e-03
5.000000e+02	6.500000e+02	4.349000e-03	5.197701e-04	5.197701e-04
6.500000e+02	1.000000e+03	9.638000e-04	1.130489e-04	1.130489e-04
1.000000e+03	1.400000e+03	9.191000e-05	1.737184e-05	1.737184e-05
1.400000e+03	2.000000e+03	6.485000e-06	3.973108e-06	3.973108e-06
# END HISTO1D


# BEGIN HISTO1D /REF/ATLAS_2014_I1319490_EL/d31-x01-y02
ConnectBins=0
ErrorBars=1
IsRef=1
Path=/REF/ATLAS_2014_I1319490_EL/d31-x01-y02
PolyMarker=*
Title=Data
# xlow	 xhigh	 val	 errminus	 errplus
6.000000e+01	7.000000e+01	6.945000e-01	1.019289e-01	1.019289e-01
7.000000e+01	8.000000e+01	1.181000e+00	1.466254e-01	1.466254e-01
8.000000e+01	9.000000e+01	1.148000e+00	1.298345e-01	1.298345e-01
9.000000e+01	1.000000e+02	9.816000e-01	1.091673e-01	1.091673e-01
1.000000e+02	1.100000e+02	8.402000e-01	9.063167e-02	9.063167e-02
1.100000e+02	1.200000e+02	7.265000e-01	7.717584e-02	7.717584e-02
1.200000e+02	1.300000e+02	6.164000e-01	6.485684e-02	6.485684e-02
1.300000e+02	1.400000e+02	5.287000e-01	5.335569e-02	5.335569e-02
1.400000e+02	1.500000e+02	4.456000e-01	4.353780e-02	4.353780e-02
1.500000e+02	1.600000e+02	3.844000e-01	3.703377e-02	3.703377e-02
1.600000e+02	1.700000e+02	3.296000e-01	3.152380e-02	3.152380e-02
1.700000e+02	1.800000e+02	2.844000e-01	2.737718e-02	2.737718e-02
1.800000e+02	1.900000e+02	2.460000e-01	2.417499e-02	2.417499e-02
1.900000e+02	2.000000e+02	2.142000e-01	2.136399e-02	2.136399e-02
2.000000e+02	2.200000e+02	1.711000e-01	1.684488e-02	1.684488e-02
2.200000e+02	2.400000e+02	1.298000e-01	1.275657e-02	1.275657e-02
2.400000e+02	2.600000e+02	1.013000e-01	1.028056e-02	1.028056e-02
2.600000e+02	2.800000e+02	7.757000e-02	8.197597e-03	8.197597e-03
2.800000e+02	3.000000e+02	6.001000e-02	6.205103e-03	6.205103e-03
3.000000e+02	3.200000e+02	4.779000e-02	4.903652e-03	4.903652e-03
3.200000e+02	3.400000e+02	3.807000e-02	4.091039e-03	4.091039e-03
3.400000e+02	3.600000e+02	3.124000e-02	3.416709e-03	3.416709e-03
3.600000e+02	3.800000e+02	2.572000e-02	2.923936e-03	2.923936e-03
3.800000e+02	4.000000e+02	2.090000e-02	2.588397e-03	2.588397e-03
4.000000e+02	4.400000e+02	1.455000e-02	1.863921e-03	1.863921e-03
4.400000e+02	5.000000e+02	9.318000e-03	1.117881e-03	1.117881e-03
5.000000e+02	6.500000e+02	4.349000e-03	5.197701e-04	5.197701e-04
6.500000e+02	1.000000e+03	9.638000e-04	1.130489e-04	1.130489e-04
1.000000e+03	1.400000e+03	9.191000e-05	1.737184e-05	1.737184e-05
1.400000e+03	2.000000e+03	6.485000e-06	3.973108e-06	3.973108e-06
# END HISTO1D


# BEGIN HISTO1D /LHC.yoda/ATLAS_2014_I1319490_EL/d31-x01-y02
LineColor=red
Path=/LHC.yoda/ATLAS_2014_I1319490_EL/d31-x01-y02
Title=[27]  0.33
# xlow	 xhigh	 val	 errminus	 errplus
6.000000e+01	7.000000e+01	6.945000e-01	1.019289e-01	1.019289e-01
7.000000e+01	8.000000e+01	1.181000e+00	1.466254e-01	1.466254e-01
8.000000e+01	9.000000e+01	1.148000e+00	1.298345e-01	1.298345e-01
9.000000e+01	1.000000e+02	9.816000e-01	1.091673e-01	1.091673e-01
1.000000e+02	1.100000e+02	8.402000e-01	9.063167e-02	9.063167e-02
1.100000e+02	1.200000e+02	7.265000e-01	7.717584e-02	7.717584e-02
1.200000e+02	1.300000e+02	6.164000e-01	6.485684e-02	6.485684e-02
1.300000e+02	1.400000e+02	5.287000e-01	5.335569e-02	5.335569e-02
1.400000e+02	1.500000e+02	4.456000e-01	4.353780e-02	4.353780e-02
1.500000e+02	1.600000e+02	3.844000e-01	3.703377e-02	3.703377e-02
1.600000e+02	1.700000e+02	3.296000e-01	3.152380e-02	3.152380e-02
1.700000e+02	1.800000e+02	2.844000e-01	2.737718e-02	2.737718e-02
1.800000e+02	1.900000e+02	2.460000e-01	2.417499e-02	2.417499e-02
1.900000e+02	2.000000e+02	2.142000e-01	2.136399e-02	2.136399e-02
2.000000e+02	2.200000e+02	1.711000e-01	1.684488e-02	1.684488e-02
2.200000e+02	2.400000e+02	1.299700e-01	1.292655e-02	1.292655e-02
2.400000e+02	2.600000e+02	1.014700e-01	1.045054e-02	1.045054e-02
2.600000e+02	2.800000e+02	7.757000e-02	8.197597e-03	8.197597e-03
2.800000e+02	3.000000e+02	6.001000e-02	6.205103e-03	6.205103e-03
3.000000e+02	3.200000e+02	4.795998e-02	5.073631e-03	5.073631e-03
3.200000e+02	3.400000e+02	3.823998e-02	4.261018e-03	4.261018e-03
3.400000e+02	3.600000e+02	3.157996e-02	3.657096e-03	3.657096e-03
3.600000e+02	3.800000e+02	2.605996e-02	3.164323e-03	3.164323e-03
3.800000e+02	4.000000e+02	2.090000e-02	2.588397e-03	2.588397e-03
4.000000e+02	4.400000e+02	1.455000e-02	1.863921e-03	1.863921e-03
4.400000e+02	5.000000e+02	9.487979e-03	1.216019e-03	1.216019e-03
5.000000e+02	6.500000e+02	4.575639e-03	5.914396e-04	5.914396e-04
6.500000e+02	1.000000e+03	9.929393e-04	1.298725e-04	1.298725e-04
1.000000e+03	1.400000e+03	9.191000e-05	1.737184e-05	1.737184e-05
1.400000e+03	2.000000e+03	6.485000e-06	3.973108e-06	3.973108e-06
# END HISTO1D

