# BEGIN PLOT
DrawOnly=/REF/ATLAS_2014_I1325553/d01-x01-y01 /ctest/mY_1100_mX_100/mY_1100_mX_100.yoda/ATLAS_2014_I1325553/d01-x01-y01 /THY/ATLAS_2014_I1325553/d01-x01-y01
Title=$|y| < 0.5$, $R = 0.4$
RatioPlotReference=/REF/ATLAS_2014_I1325553/d01-x01-y01
RatioPlot=1
LogX=1
LogY=1
XLabel=$p_\text{T}$ [GeV]
MainPlot=1
YLabel=$\text{d}^2\sigma / \text{d}p_\text{T}\text{d}y$ [pb/GeV]
Legend=1
RatioPlotYMin=1
# END PLOT

# BEGIN HISTO1D /REF/ATLAS_2014_I1325553/d01-x01-y01
IsRef=1
LineColor=green
Path=/REF/ATLAS_2014_I1325553/d01-x01-y01
Title=~
# xlow	 xhigh	 val	 errminus	 errplus
1.000000e+02	1.160000e+02	4.230000e+03	3.321886e+02	3.397512e+02
1.160000e+02	1.340000e+02	2.020000e+03	1.502860e+02	1.491549e+02
1.340000e+02	1.520000e+02	9.880000e+02	7.030847e+01	6.916769e+01
1.520000e+02	1.720000e+02	5.020000e+02	3.426215e+01	3.389983e+01
1.720000e+02	1.940000e+02	2.580000e+02	1.678565e+01	1.688056e+01
1.940000e+02	2.160000e+02	1.370000e+02	8.778066e+00	8.820726e+00
2.160000e+02	2.400000e+02	7.550000e+01	4.582197e+00	4.623067e+00
2.400000e+02	2.640000e+02	4.280000e+01	2.497573e+00	2.545881e+00
2.640000e+02	2.900000e+02	2.470000e+01	1.416247e+00	1.446931e+00
2.900000e+02	3.180000e+02	1.440000e+01	8.364405e-01	8.274677e-01
3.180000e+02	3.460000e+02	8.400000e+00	4.856043e-01	4.737630e-01
3.460000e+02	3.760000e+02	5.140000e+00	2.839588e-01	2.879776e-01
3.760000e+02	4.080000e+02	3.110000e+00	1.673816e-01	1.764946e-01
4.080000e+02	4.420000e+02	1.890000e+00	9.864297e-02	1.066973e-01
4.420000e+02	4.780000e+02	1.130000e+00	5.894453e-02	6.032560e-02
4.780000e+02	5.160000e+02	6.830000e-01	3.589625e-02	3.646996e-02
5.160000e+02	5.560000e+02	4.190000e-01	2.244217e-02	2.296414e-02
5.560000e+02	5.980000e+02	2.530000e-01	1.438787e-02	1.460424e-02
5.980000e+02	6.420000e+02	1.550000e-01	9.502511e-03	9.477195e-03
6.420000e+02	6.880000e+02	9.480000e-02	6.252209e-03	6.364046e-03
6.880000e+02	7.360000e+02	5.800000e-02	4.202199e-03	4.249168e-03
7.360000e+02	7.860000e+02	3.610000e-02	2.771953e-03	2.803973e-03
7.860000e+02	8.380000e+02	2.220000e-02	1.847942e-03	1.892607e-03
8.380000e+02	8.940000e+02	1.310000e-02	1.180164e-03	1.200063e-03
8.940000e+02	9.520000e+02	7.940000e-03	7.539238e-04	7.842936e-04
9.520000e+02	1.012000e+03	4.980000e-03	5.135440e-04	5.226865e-04
1.012000e+03	1.076000e+03	2.970000e-03	3.351629e-04	3.410719e-04
1.076000e+03	1.162000e+03	1.670000e-03	1.934102e-04	2.024836e-04
1.162000e+03	1.310000e+03	7.000000e-04	9.309737e-05	9.453370e-05
1.310000e+03	1.530000e+03	1.550000e-04	3.567964e-05	3.440127e-05
1.530000e+03	1.992000e+03	1.170000e-05	5.461419e-06	6.236451e-06
# END HISTO1D


# BEGIN HISTO1D /REF/ATLAS_2014_I1325553/d01-x01-y01
ConnectBins=0
ErrorBars=1
IsRef=1
Path=/REF/ATLAS_2014_I1325553/d01-x01-y01
PolyMarker=*
Title=Data
# xlow	 xhigh	 val	 errminus	 errplus
1.000000e+02	1.160000e+02	4.230000e+03	3.321886e+02	3.397512e+02
1.160000e+02	1.340000e+02	2.020000e+03	1.502860e+02	1.491549e+02
1.340000e+02	1.520000e+02	9.880000e+02	7.030847e+01	6.916769e+01
1.520000e+02	1.720000e+02	5.020000e+02	3.426215e+01	3.389983e+01
1.720000e+02	1.940000e+02	2.580000e+02	1.678565e+01	1.688056e+01
1.940000e+02	2.160000e+02	1.370000e+02	8.778066e+00	8.820726e+00
2.160000e+02	2.400000e+02	7.550000e+01	4.582197e+00	4.623067e+00
2.400000e+02	2.640000e+02	4.280000e+01	2.497573e+00	2.545881e+00
2.640000e+02	2.900000e+02	2.470000e+01	1.416247e+00	1.446931e+00
2.900000e+02	3.180000e+02	1.440000e+01	8.364405e-01	8.274677e-01
3.180000e+02	3.460000e+02	8.400000e+00	4.856043e-01	4.737630e-01
3.460000e+02	3.760000e+02	5.140000e+00	2.839588e-01	2.879776e-01
3.760000e+02	4.080000e+02	3.110000e+00	1.673816e-01	1.764946e-01
4.080000e+02	4.420000e+02	1.890000e+00	9.864297e-02	1.066973e-01
4.420000e+02	4.780000e+02	1.130000e+00	5.894453e-02	6.032560e-02
4.780000e+02	5.160000e+02	6.830000e-01	3.589625e-02	3.646996e-02
5.160000e+02	5.560000e+02	4.190000e-01	2.244217e-02	2.296414e-02
5.560000e+02	5.980000e+02	2.530000e-01	1.438787e-02	1.460424e-02
5.980000e+02	6.420000e+02	1.550000e-01	9.502511e-03	9.477195e-03
6.420000e+02	6.880000e+02	9.480000e-02	6.252209e-03	6.364046e-03
6.880000e+02	7.360000e+02	5.800000e-02	4.202199e-03	4.249168e-03
7.360000e+02	7.860000e+02	3.610000e-02	2.771953e-03	2.803973e-03
7.860000e+02	8.380000e+02	2.220000e-02	1.847942e-03	1.892607e-03
8.380000e+02	8.940000e+02	1.310000e-02	1.180164e-03	1.200063e-03
8.940000e+02	9.520000e+02	7.940000e-03	7.539238e-04	7.842936e-04
9.520000e+02	1.012000e+03	4.980000e-03	5.135440e-04	5.226865e-04
1.012000e+03	1.076000e+03	2.970000e-03	3.351629e-04	3.410719e-04
1.076000e+03	1.162000e+03	1.670000e-03	1.934102e-04	2.024836e-04
1.162000e+03	1.310000e+03	7.000000e-04	9.309737e-05	9.453370e-05
1.310000e+03	1.530000e+03	1.550000e-04	3.567964e-05	3.440127e-05
1.530000e+03	1.992000e+03	1.170000e-05	5.461419e-06	6.236451e-06
# END HISTO1D


# BEGIN HISTO1D /ctest/mY_1100_mX_100/mY_1100_mX_100.yoda/ATLAS_2014_I1325553/d01-x01-y01
LineColor=red
Path=/ctest/mY_1100_mX_100/mY_1100_mX_100.yoda/ATLAS_2014_I1325553/d01-x01-y01
Title=[17]  0.61
# xlow	 xhigh	 val	 errminus	 errplus
1.000000e+02	1.160000e+02	4.230039e+03	3.321903e+02	3.397529e+02
1.160000e+02	1.340000e+02	2.020032e+03	1.502875e+02	1.491564e+02
1.340000e+02	1.520000e+02	9.880298e+02	7.030992e+01	6.916914e+01
1.520000e+02	1.720000e+02	5.020272e+02	3.426346e+01	3.390114e+01
1.720000e+02	1.940000e+02	2.580243e+02	1.678683e+01	1.688174e+01
1.940000e+02	2.160000e+02	1.370208e+02	8.779161e+00	8.821821e+00
2.160000e+02	2.400000e+02	7.551897e+01	4.583198e+00	4.624068e+00
2.400000e+02	2.640000e+02	4.281998e+01	2.498601e+00	2.546909e+00
2.640000e+02	2.900000e+02	2.471683e+01	1.417153e+00	1.447837e+00
2.900000e+02	3.180000e+02	1.442011e+01	8.373950e-01	8.284222e-01
3.180000e+02	3.460000e+02	8.418210e+00	4.865126e-01	4.746713e-01
3.460000e+02	3.760000e+02	5.159745e+00	2.848725e-01	2.888913e-01
3.760000e+02	4.080000e+02	3.130413e+00	1.682811e-01	1.773941e-01
4.080000e+02	4.420000e+02	1.911413e+00	9.953675e-02	1.075911e-01
4.420000e+02	4.780000e+02	1.152549e+00	5.983586e-02	6.121693e-02
4.780000e+02	5.160000e+02	7.089018e-01	3.682607e-02	3.739978e-02
5.160000e+02	5.560000e+02	4.386600e-01	2.323173e-02	2.375370e-02
5.560000e+02	5.980000e+02	2.600365e-01	1.484885e-02	1.506522e-02
5.980000e+02	6.420000e+02	1.578539e-01	9.789336e-03	9.764020e-03
6.420000e+02	6.880000e+02	9.584780e-02	6.422184e-03	6.534021e-03
6.880000e+02	7.360000e+02	5.847564e-02	4.314310e-03	4.361279e-03
7.360000e+02	7.860000e+02	3.627757e-02	2.839070e-03	2.871090e-03
7.860000e+02	8.380000e+02	2.222439e-02	1.872334e-03	1.916999e-03
8.380000e+02	8.940000e+02	1.314530e-02	1.212196e-03	1.232095e-03
8.940000e+02	9.520000e+02	7.961869e-03	7.757925e-04	8.061623e-04
9.520000e+02	1.012000e+03	4.980000e-03	5.135440e-04	5.226865e-04
1.012000e+03	1.076000e+03	2.970000e-03	3.351629e-04	3.410719e-04
1.076000e+03	1.162000e+03	1.670000e-03	1.934102e-04	2.024836e-04
1.162000e+03	1.310000e+03	7.000000e-04	9.309737e-05	9.453370e-05
1.310000e+03	1.530000e+03	1.550000e-04	3.567964e-05	3.440127e-05
1.530000e+03	1.992000e+03	1.170000e-05	5.461419e-06	6.236451e-06
# END HISTO1D

