# BEGIN PLOT
DrawOnly=/REF/ATLAS_2014_I1325553/d01-x01-y02 /ctest/mY_2600_mX_1600/mY_2600_mX_1600.yoda/ATLAS_2014_I1325553/d01-x01-y02 /THY/ATLAS_2014_I1325553/d01-x01-y02
Title=$0.5 < |y| < 1.0$, $R = 0.4$
RatioPlotReference=/REF/ATLAS_2014_I1325553/d01-x01-y02
RatioPlot=1
LogX=1
LogY=1
XLabel=$p_\text{T}$ [GeV]
MainPlot=1
YLabel=$\text{d}^2\sigma / \text{d}p_\text{T}\text{d}y$ [pb/GeV]
Legend=1
RatioPlotYMin=1
# END PLOT

# BEGIN HISTO1D /REF/ATLAS_2014_I1325553/d01-x01-y02
IsRef=1
LineColor=green
Path=/REF/ATLAS_2014_I1325553/d01-x01-y02
Title=~
# xlow	 xhigh	 val	 errminus	 errplus
1.000000e+02	1.160000e+02	4.030000e+03	3.411723e+02	3.544568e+02
1.160000e+02	1.340000e+02	1.900000e+03	1.437713e+02	1.485626e+02
1.340000e+02	1.520000e+02	9.310000e+02	6.657138e+01	6.932044e+01
1.520000e+02	1.720000e+02	4.670000e+02	3.278530e+01	3.347647e+01
1.720000e+02	1.940000e+02	2.390000e+02	1.635293e+01	1.647300e+01
1.940000e+02	2.160000e+02	1.260000e+02	8.532014e+00	8.605200e+00
2.160000e+02	2.400000e+02	6.890000e+01	4.484691e+00	4.607906e+00
2.400000e+02	2.640000e+02	3.860000e+01	2.440314e+00	2.517549e+00
2.640000e+02	2.900000e+02	2.220000e+01	1.353124e+00	1.403014e+00
2.900000e+02	3.180000e+02	1.280000e+01	7.453734e-01	7.687463e-01
3.180000e+02	3.460000e+02	7.410000e+00	4.283723e-01	4.308009e-01
3.460000e+02	3.760000e+02	4.500000e+00	2.617577e-01	2.440212e-01
3.760000e+02	4.080000e+02	2.710000e+00	1.500765e-01	1.452016e-01
4.080000e+02	4.420000e+02	1.630000e+00	8.764566e-02	8.726591e-02
4.420000e+02	4.780000e+02	9.690000e-01	5.167605e-02	5.191173e-02
4.780000e+02	5.160000e+02	5.810000e-01	3.149749e-02	3.182798e-02
5.160000e+02	5.560000e+02	3.460000e-01	1.953709e-02	2.017023e-02
5.560000e+02	5.980000e+02	2.070000e-01	1.259814e-02	1.296522e-02
5.980000e+02	6.420000e+02	1.230000e-01	7.946800e-03	8.184086e-03
6.420000e+02	6.880000e+02	7.400000e-02	5.148342e-03	5.221218e-03
6.880000e+02	7.360000e+02	4.450000e-02	3.348210e-03	3.412648e-03
7.360000e+02	7.860000e+02	2.640000e-02	2.176840e-03	2.235910e-03
7.860000e+02	8.380000e+02	1.570000e-02	1.411516e-03	1.437815e-03
8.380000e+02	8.940000e+02	9.470000e-03	9.149706e-04	9.533238e-04
8.940000e+02	9.520000e+02	5.260000e-03	5.514979e-04	5.684938e-04
9.520000e+02	1.012000e+03	2.990000e-03	3.304998e-04	3.481521e-04
1.012000e+03	1.162000e+03	1.120000e-03	1.400851e-04	1.469336e-04
1.162000e+03	1.310000e+03	2.560000e-04	4.255764e-05	4.295463e-05
1.310000e+03	1.992000e+03	2.200000e-05	7.033982e-06	7.136110e-06
# END HISTO1D


# BEGIN HISTO1D /REF/ATLAS_2014_I1325553/d01-x01-y02
ConnectBins=0
ErrorBars=1
IsRef=1
Path=/REF/ATLAS_2014_I1325553/d01-x01-y02
PolyMarker=*
Title=Data
# xlow	 xhigh	 val	 errminus	 errplus
1.000000e+02	1.160000e+02	4.030000e+03	3.411723e+02	3.544568e+02
1.160000e+02	1.340000e+02	1.900000e+03	1.437713e+02	1.485626e+02
1.340000e+02	1.520000e+02	9.310000e+02	6.657138e+01	6.932044e+01
1.520000e+02	1.720000e+02	4.670000e+02	3.278530e+01	3.347647e+01
1.720000e+02	1.940000e+02	2.390000e+02	1.635293e+01	1.647300e+01
1.940000e+02	2.160000e+02	1.260000e+02	8.532014e+00	8.605200e+00
2.160000e+02	2.400000e+02	6.890000e+01	4.484691e+00	4.607906e+00
2.400000e+02	2.640000e+02	3.860000e+01	2.440314e+00	2.517549e+00
2.640000e+02	2.900000e+02	2.220000e+01	1.353124e+00	1.403014e+00
2.900000e+02	3.180000e+02	1.280000e+01	7.453734e-01	7.687463e-01
3.180000e+02	3.460000e+02	7.410000e+00	4.283723e-01	4.308009e-01
3.460000e+02	3.760000e+02	4.500000e+00	2.617577e-01	2.440212e-01
3.760000e+02	4.080000e+02	2.710000e+00	1.500765e-01	1.452016e-01
4.080000e+02	4.420000e+02	1.630000e+00	8.764566e-02	8.726591e-02
4.420000e+02	4.780000e+02	9.690000e-01	5.167605e-02	5.191173e-02
4.780000e+02	5.160000e+02	5.810000e-01	3.149749e-02	3.182798e-02
5.160000e+02	5.560000e+02	3.460000e-01	1.953709e-02	2.017023e-02
5.560000e+02	5.980000e+02	2.070000e-01	1.259814e-02	1.296522e-02
5.980000e+02	6.420000e+02	1.230000e-01	7.946800e-03	8.184086e-03
6.420000e+02	6.880000e+02	7.400000e-02	5.148342e-03	5.221218e-03
6.880000e+02	7.360000e+02	4.450000e-02	3.348210e-03	3.412648e-03
7.360000e+02	7.860000e+02	2.640000e-02	2.176840e-03	2.235910e-03
7.860000e+02	8.380000e+02	1.570000e-02	1.411516e-03	1.437815e-03
8.380000e+02	8.940000e+02	9.470000e-03	9.149706e-04	9.533238e-04
8.940000e+02	9.520000e+02	5.260000e-03	5.514979e-04	5.684938e-04
9.520000e+02	1.012000e+03	2.990000e-03	3.304998e-04	3.481521e-04
1.012000e+03	1.162000e+03	1.120000e-03	1.400851e-04	1.469336e-04
1.162000e+03	1.310000e+03	2.560000e-04	4.255764e-05	4.295463e-05
1.310000e+03	1.992000e+03	2.200000e-05	7.033982e-06	7.136110e-06
# END HISTO1D


# BEGIN HISTO1D /ctest/mY_2600_mX_1600/mY_2600_mX_1600.yoda/ATLAS_2014_I1325553/d01-x01-y02
LineColor=red
Path=/ctest/mY_2600_mX_1600/mY_2600_mX_1600.yoda/ATLAS_2014_I1325553/d01-x01-y02
Title=[28]  0.25
# xlow	 xhigh	 val	 errminus	 errplus
1.000000e+02	1.160000e+02	4.030000e+03	3.411723e+02	3.544568e+02
1.160000e+02	1.340000e+02	1.900000e+03	1.437713e+02	1.485626e+02
1.340000e+02	1.520000e+02	9.310002e+02	6.657139e+01	6.932045e+01
1.520000e+02	1.720000e+02	4.670001e+02	3.278531e+01	3.347648e+01
1.720000e+02	1.940000e+02	2.390001e+02	1.635294e+01	1.647301e+01
1.940000e+02	2.160000e+02	1.260001e+02	8.532020e+00	8.605206e+00
2.160000e+02	2.400000e+02	6.890012e+01	4.484697e+00	4.607912e+00
2.400000e+02	2.640000e+02	3.860009e+01	2.440320e+00	2.517555e+00
2.640000e+02	2.900000e+02	2.220009e+01	1.353129e+00	1.403019e+00
2.900000e+02	3.180000e+02	1.280008e+01	7.453781e-01	7.687510e-01
3.180000e+02	3.460000e+02	7.410070e+00	4.283767e-01	4.308053e-01
3.460000e+02	3.760000e+02	4.500055e+00	2.617615e-01	2.440250e-01
3.760000e+02	4.080000e+02	2.710058e+00	1.500803e-01	1.452054e-01
4.080000e+02	4.420000e+02	1.630046e+00	8.764895e-02	8.726920e-02
4.420000e+02	4.780000e+02	9.690488e-01	5.167933e-02	5.191501e-02
4.780000e+02	5.160000e+02	5.810363e-01	3.150024e-02	3.183073e-02
5.160000e+02	5.560000e+02	3.460352e-01	1.953973e-02	2.017287e-02
5.560000e+02	5.980000e+02	2.070385e-01	1.260083e-02	1.296791e-02
5.980000e+02	6.420000e+02	1.230358e-01	7.949339e-03	8.186625e-03
6.420000e+02	6.880000e+02	7.402996e-02	5.150613e-03	5.223489e-03
6.880000e+02	7.360000e+02	4.453267e-02	3.350532e-03	3.414970e-03
7.360000e+02	7.860000e+02	2.643612e-02	2.179232e-03	2.238302e-03
7.860000e+02	8.380000e+02	1.573442e-02	1.413806e-03	1.440105e-03
8.380000e+02	8.940000e+02	9.504935e-03	9.171935e-04	9.555467e-04
8.940000e+02	9.520000e+02	5.294960e-03	5.536829e-04	5.706788e-04
9.520000e+02	1.012000e+03	3.019570e-03	3.324755e-04	3.501278e-04
1.012000e+03	1.162000e+03	1.148039e-03	1.413019e-04	1.481504e-04
1.162000e+03	1.310000e+03	2.710383e-04	4.345475e-05	4.385174e-05
1.310000e+03	1.992000e+03	2.224389e-05	7.087203e-06	7.189331e-06
# END HISTO1D

