# BEGIN PLOT
DrawOnly=/REF/ATLAS_2014_I1325553/d02-x01-y05 /ctest/mY_2100_mX_600/mY_2100_mX_600.yoda/ATLAS_2014_I1325553/d02-x01-y05 /THY/ATLAS_2014_I1325553/d02-x01-y05
Title=$2.0 < |y| < 2.5$, $R = 0.6$
RatioPlotReference=/REF/ATLAS_2014_I1325553/d02-x01-y05
RatioPlot=1
LogX=1
LogY=1
XLabel=$p_\text{T}$ [GeV]
MainPlot=1
YLabel=$\text{d}^2\sigma / \text{d}p_\text{T}\text{d}y$ [pb/GeV]
Legend=1
RatioPlotYMin=1
# END PLOT

# BEGIN HISTO1D /REF/ATLAS_2014_I1325553/d02-x01-y05
IsRef=1
LineColor=green
Path=/REF/ATLAS_2014_I1325553/d02-x01-y05
Title=~
# xlow	 xhigh	 val	 errminus	 errplus
1.000000e+02	1.160000e+02	2.260000e+03	4.438240e+02	4.594864e+02
1.160000e+02	1.340000e+02	9.780000e+02	1.686589e+02	1.848109e+02
1.340000e+02	1.520000e+02	4.450000e+02	7.460754e+01	7.897340e+01
1.520000e+02	1.720000e+02	1.980000e+02	3.206133e+01	3.367456e+01
1.720000e+02	1.940000e+02	9.360000e+01	1.557421e+01	1.640004e+01
1.940000e+02	2.160000e+02	4.220000e+01	6.919127e+00	7.711292e+00
2.160000e+02	2.400000e+02	2.000000e+01	3.444474e+00	3.809672e+00
2.400000e+02	2.640000e+02	9.670000e+00	1.597454e+00	1.844285e+00
2.640000e+02	2.900000e+02	4.690000e+00	7.846189e-01	9.081419e-01
2.900000e+02	3.180000e+02	2.140000e+00	3.631448e-01	4.025078e-01
3.180000e+02	3.460000e+02	9.480000e-01	1.546897e-01	1.806879e-01
3.460000e+02	3.760000e+02	4.320000e-01	7.104660e-02	7.882550e-02
3.760000e+02	4.080000e+02	1.830000e-01	3.245762e-02	3.564321e-02
4.080000e+02	4.420000e+02	7.480000e-02	1.455932e-02	1.551140e-02
4.420000e+02	4.780000e+02	2.880000e-02	5.959304e-03	6.495725e-03
4.780000e+02	5.160000e+02	1.010000e-02	2.272433e-03	2.442655e-03
5.160000e+02	5.560000e+02	3.290000e-03	8.211236e-04	8.760980e-04
5.560000e+02	6.420000e+02	6.570000e-04	1.803235e-04	2.031724e-04
6.420000e+02	8.940000e+02	1.200000e-05	6.918247e-06	7.734491e-06
# END HISTO1D


# BEGIN HISTO1D /REF/ATLAS_2014_I1325553/d02-x01-y05
ConnectBins=0
ErrorBars=1
IsRef=1
Path=/REF/ATLAS_2014_I1325553/d02-x01-y05
PolyMarker=*
Title=Data
# xlow	 xhigh	 val	 errminus	 errplus
1.000000e+02	1.160000e+02	2.260000e+03	4.438240e+02	4.594864e+02
1.160000e+02	1.340000e+02	9.780000e+02	1.686589e+02	1.848109e+02
1.340000e+02	1.520000e+02	4.450000e+02	7.460754e+01	7.897340e+01
1.520000e+02	1.720000e+02	1.980000e+02	3.206133e+01	3.367456e+01
1.720000e+02	1.940000e+02	9.360000e+01	1.557421e+01	1.640004e+01
1.940000e+02	2.160000e+02	4.220000e+01	6.919127e+00	7.711292e+00
2.160000e+02	2.400000e+02	2.000000e+01	3.444474e+00	3.809672e+00
2.400000e+02	2.640000e+02	9.670000e+00	1.597454e+00	1.844285e+00
2.640000e+02	2.900000e+02	4.690000e+00	7.846189e-01	9.081419e-01
2.900000e+02	3.180000e+02	2.140000e+00	3.631448e-01	4.025078e-01
3.180000e+02	3.460000e+02	9.480000e-01	1.546897e-01	1.806879e-01
3.460000e+02	3.760000e+02	4.320000e-01	7.104660e-02	7.882550e-02
3.760000e+02	4.080000e+02	1.830000e-01	3.245762e-02	3.564321e-02
4.080000e+02	4.420000e+02	7.480000e-02	1.455932e-02	1.551140e-02
4.420000e+02	4.780000e+02	2.880000e-02	5.959304e-03	6.495725e-03
4.780000e+02	5.160000e+02	1.010000e-02	2.272433e-03	2.442655e-03
5.160000e+02	5.560000e+02	3.290000e-03	8.211236e-04	8.760980e-04
5.560000e+02	6.420000e+02	6.570000e-04	1.803235e-04	2.031724e-04
6.420000e+02	8.940000e+02	1.200000e-05	6.918247e-06	7.734491e-06
# END HISTO1D


# BEGIN HISTO1D /ctest/mY_2100_mX_600/mY_2100_mX_600.yoda/ATLAS_2014_I1325553/d02-x01-y05
LineColor=red
Path=/ctest/mY_2100_mX_600/mY_2100_mX_600.yoda/ATLAS_2014_I1325553/d02-x01-y05
Title=[17]  0.00
# xlow	 xhigh	 val	 errminus	 errplus
1.000000e+02	1.160000e+02	2.260000e+03	4.438240e+02	4.594864e+02
1.160000e+02	1.340000e+02	9.780003e+02	1.686589e+02	1.848109e+02
1.340000e+02	1.520000e+02	4.450002e+02	7.460756e+01	7.897342e+01
1.520000e+02	1.720000e+02	1.980002e+02	3.206135e+01	3.367458e+01
1.720000e+02	1.940000e+02	9.360015e+01	1.557422e+01	1.640005e+01
1.940000e+02	2.160000e+02	4.220011e+01	6.919139e+00	7.711304e+00
2.160000e+02	2.400000e+02	2.000011e+01	3.444486e+00	3.809684e+00
2.400000e+02	2.640000e+02	9.670092e+00	1.597465e+00	1.844296e+00
2.640000e+02	2.900000e+02	4.690085e+00	7.846288e-01	9.081518e-01
2.900000e+02	3.180000e+02	2.140066e+00	3.631532e-01	4.025162e-01
3.180000e+02	3.460000e+02	9.480447e-01	1.546966e-01	1.806948e-01
3.460000e+02	3.760000e+02	4.320328e-01	7.105231e-02	7.883121e-02
3.760000e+02	4.080000e+02	1.830280e-01	3.246273e-02	3.564832e-02
4.080000e+02	4.420000e+02	7.481755e-02	1.456324e-02	1.551532e-02
4.420000e+02	4.780000e+02	2.880746e-02	5.961790e-03	6.498211e-03
4.780000e+02	5.160000e+02	1.010863e-02	2.275037e-03	2.445259e-03
5.160000e+02	5.560000e+02	3.293729e-03	8.227911e-04	8.777655e-04
5.560000e+02	6.420000e+02	6.576937e-04	1.808140e-04	2.036629e-04
6.420000e+02	8.940000e+02	1.200000e-05	6.918247e-06	7.734491e-06
# END HISTO1D

