# BEGIN PLOT
XTwosidedTicks=1
DrawOnly=/REF/ATLAS_2014_I1326641/d02-x01-y01 /ctest/mY_2100_mX_600/mY_2100_mX_600.yoda/ATLAS_2014_I1326641/d02-x01-y01 /THY/ATLAS_2014_I1326641/d02-x01-y01
Title=anti-$k_\text{t}$ $R=0.4$, $2 \leq \left|Y^\ast\right| < 4$
RatioPlotReference=/REF/ATLAS_2014_I1326641/d02-x01-y01
RatioPlot=1
LogY=1
XLabel=$m_{jjj}$ [GeV]
MainPlot=1
YLabel=$\text{d}^2\sigma / \text{d}m_{jjj} / \text{d}\left|Y^\ast\right|$ [pb/GeV]
YTwosidedTicks=1
Legend=1
RatioPlotYMin=1
# END PLOT

# BEGIN HISTO1D /REF/ATLAS_2014_I1326641/d02-x01-y01
IsRef=1
LineColor=green
Path=/REF/ATLAS_2014_I1326641/d02-x01-y01
Title=~
# xlow	 xhigh	 val	 errminus	 errplus
4.200000e+02	4.600000e+02	1.275000e+01	1.323400e+00	1.303113e+00
4.600000e+02	5.000000e+02	1.315000e+01	1.313448e+00	1.338934e+00
5.000000e+02	5.400000e+02	1.065000e+01	1.033602e+00	1.075255e+00
5.400000e+02	6.000000e+02	7.200000e+00	6.853046e-01	7.148375e-01
6.000000e+02	6.600000e+02	4.380000e+00	4.092280e-01	4.244222e-01
6.600000e+02	7.200000e+02	2.675000e+00	2.451380e-01	2.528072e-01
7.200000e+02	7.800000e+02	1.635000e+00	1.469224e-01	1.510266e-01
7.800000e+02	8.600000e+02	9.750000e-01	8.552901e-02	8.774664e-02
8.600000e+02	9.400000e+02	5.550000e-01	4.740811e-02	4.847216e-02
9.400000e+02	1.020000e+03	3.365000e-01	2.800410e-02	2.856917e-02
1.020000e+03	1.120000e+03	1.935000e-01	1.562855e-02	1.599402e-02
1.120000e+03	1.220000e+03	1.070000e-01	8.374895e-03	8.641361e-03
1.220000e+03	1.340000e+03	6.000000e-02	4.593920e-03	4.764102e-03
1.340000e+03	1.460000e+03	3.160000e-02	2.398446e-03	2.480602e-03
1.460000e+03	1.600000e+03	1.685000e-02	1.290465e-03	1.324422e-03
1.600000e+03	1.740000e+03	8.900000e-03	6.965119e-04	7.129683e-04
1.740000e+03	1.900000e+03	4.500000e-03	3.651003e-04	3.735583e-04
1.900000e+03	2.080000e+03	2.150000e-03	1.842976e-04	1.883031e-04
2.080000e+03	2.260000e+03	1.065000e-03	9.803202e-05	9.989229e-05
2.260000e+03	2.480000e+03	4.870000e-04	4.893410e-05	4.986252e-05
2.480000e+03	2.720000e+03	1.870000e-04	2.086851e-05	2.143350e-05
2.720000e+03	2.980000e+03	6.650000e-05	8.268940e-06	8.613511e-06
2.980000e+03	3.260000e+03	2.920000e-05	4.131370e-06	4.334032e-06
3.260000e+03	3.580000e+03	7.600000e-06	1.382727e-06	1.410399e-06
3.580000e+03	4.200000e+03	2.785000e-06	7.775042e-07	7.682101e-07
# END HISTO1D


# BEGIN HISTO1D /REF/ATLAS_2014_I1326641/d02-x01-y01
ConnectBins=0
ErrorBars=1
IsRef=1
Path=/REF/ATLAS_2014_I1326641/d02-x01-y01
PolyMarker=*
Title=Data
# xlow	 xhigh	 val	 errminus	 errplus
4.200000e+02	4.600000e+02	1.275000e+01	1.323400e+00	1.303113e+00
4.600000e+02	5.000000e+02	1.315000e+01	1.313448e+00	1.338934e+00
5.000000e+02	5.400000e+02	1.065000e+01	1.033602e+00	1.075255e+00
5.400000e+02	6.000000e+02	7.200000e+00	6.853046e-01	7.148375e-01
6.000000e+02	6.600000e+02	4.380000e+00	4.092280e-01	4.244222e-01
6.600000e+02	7.200000e+02	2.675000e+00	2.451380e-01	2.528072e-01
7.200000e+02	7.800000e+02	1.635000e+00	1.469224e-01	1.510266e-01
7.800000e+02	8.600000e+02	9.750000e-01	8.552901e-02	8.774664e-02
8.600000e+02	9.400000e+02	5.550000e-01	4.740811e-02	4.847216e-02
9.400000e+02	1.020000e+03	3.365000e-01	2.800410e-02	2.856917e-02
1.020000e+03	1.120000e+03	1.935000e-01	1.562855e-02	1.599402e-02
1.120000e+03	1.220000e+03	1.070000e-01	8.374895e-03	8.641361e-03
1.220000e+03	1.340000e+03	6.000000e-02	4.593920e-03	4.764102e-03
1.340000e+03	1.460000e+03	3.160000e-02	2.398446e-03	2.480602e-03
1.460000e+03	1.600000e+03	1.685000e-02	1.290465e-03	1.324422e-03
1.600000e+03	1.740000e+03	8.900000e-03	6.965119e-04	7.129683e-04
1.740000e+03	1.900000e+03	4.500000e-03	3.651003e-04	3.735583e-04
1.900000e+03	2.080000e+03	2.150000e-03	1.842976e-04	1.883031e-04
2.080000e+03	2.260000e+03	1.065000e-03	9.803202e-05	9.989229e-05
2.260000e+03	2.480000e+03	4.870000e-04	4.893410e-05	4.986252e-05
2.480000e+03	2.720000e+03	1.870000e-04	2.086851e-05	2.143350e-05
2.720000e+03	2.980000e+03	6.650000e-05	8.268940e-06	8.613511e-06
2.980000e+03	3.260000e+03	2.920000e-05	4.131370e-06	4.334032e-06
3.260000e+03	3.580000e+03	7.600000e-06	1.382727e-06	1.410399e-06
3.580000e+03	4.200000e+03	2.785000e-06	7.775042e-07	7.682101e-07
# END HISTO1D


# BEGIN HISTO1D /ctest/mY_2100_mX_600/mY_2100_mX_600.yoda/ATLAS_2014_I1326641/d02-x01-y01
LineColor=red
Path=/ctest/mY_2100_mX_600/mY_2100_mX_600.yoda/ATLAS_2014_I1326641/d02-x01-y01
Title=[19]  0.25
# xlow	 xhigh	 val	 errminus	 errplus
4.200000e+02	4.600000e+02	1.275001e+01	1.323402e+00	1.303115e+00
4.600000e+02	5.000000e+02	1.315001e+01	1.313450e+00	1.338936e+00
5.000000e+02	5.400000e+02	1.065002e+01	1.033604e+00	1.075257e+00
5.400000e+02	6.000000e+02	7.200016e+00	6.853066e-01	7.148395e-01
6.000000e+02	6.600000e+02	4.380019e+00	4.092302e-01	4.244244e-01
6.600000e+02	7.200000e+02	2.675014e+00	2.451399e-01	2.528091e-01
7.200000e+02	7.800000e+02	1.635016e+00	1.469244e-01	1.510286e-01
7.800000e+02	8.600000e+02	9.750123e-01	8.553052e-02	8.774815e-02
8.600000e+02	9.400000e+02	5.550142e-01	4.740974e-02	4.847379e-02
9.400000e+02	1.020000e+03	3.365119e-01	2.800559e-02	2.857066e-02
1.020000e+03	1.120000e+03	1.935122e-01	1.562990e-02	1.599537e-02
1.120000e+03	1.220000e+03	1.070107e-01	8.376161e-03	8.642627e-03
1.220000e+03	1.340000e+03	6.001404e-02	4.595241e-03	4.765423e-03
1.340000e+03	1.460000e+03	3.161330e-02	2.399732e-03	2.481888e-03
1.460000e+03	1.600000e+03	1.686214e-02	1.291602e-03	1.325559e-03
1.600000e+03	1.740000e+03	8.917791e-03	6.978886e-04	7.143450e-04
1.740000e+03	1.900000e+03	4.524609e-03	3.666149e-04	3.750729e-04
1.900000e+03	2.080000e+03	2.190602e-03	1.861318e-04	1.901373e-04
2.080000e+03	2.260000e+03	1.098310e-03	9.969336e-05	1.015536e-04
2.260000e+03	2.480000e+03	4.951354e-04	4.967675e-05	5.060517e-05
2.480000e+03	2.720000e+03	1.888022e-04	2.120317e-05	2.176816e-05
2.720000e+03	2.980000e+03	6.695892e-05	8.431192e-06	8.775763e-06
2.980000e+03	3.260000e+03	2.930653e-05	4.206701e-06	4.409363e-06
3.260000e+03	3.580000e+03	7.646609e-06	1.429336e-06	1.457008e-06
3.580000e+03	4.200000e+03	2.785000e-06	7.775042e-07	7.682101e-07
# END HISTO1D

